Linux 3.16.0-38-generic (pgxl1) 	10/06/2015 	_x86_64_	(4 CPU)

#      Time       PID    %usr %system  %guest    %CPU   CPU  minflt/s  majflt/s     VSZ    RSS   %MEM   kB_rd/s   kB_wr/s kB_ccwr/s   cswch/s nvcswch/s  Command
 1444144639         1    0.00    0.00    0.00    0.00     0      0.00      0.00   19292    756   0.00     -1.00     -1.00     -1.00      0.00      0.00  /sbin/init 
 1444144639       241    0.00    0.00    0.00    0.00     0      0.00      0.00  245104    944   0.01     -1.00     -1.00     -1.00      0.00      0.00  /sbin/rsyslogd -i /var/run/syslogd.pid -c 5 
 1444144639       271    0.00    0.00    0.00    0.00     0      0.00      0.00   66276    784   0.00     -1.00     -1.00     -1.00      0.00      0.00  /usr/sbin/sshd 
 1444144639       290    0.00    0.00    0.00    0.00     0      0.00      0.00   82640   1296   0.01     -1.00     -1.00     -1.00      0.00      0.00  sendmail: accepting connections
 1444144639       309    0.00    0.00    0.00    0.00     2      0.00      0.00   20036    808   0.00     -1.00     -1.00     -1.00      0.00      0.00  crond 
 1444144639       609    0.00    0.00    0.00    0.00     0      0.00      0.00   93844   1216   0.01     -1.00     -1.00     -1.00      0.00      0.00  sshd: mark@pts/4  
 1444144639      6729    0.00    0.00    0.00    0.00     1      0.00      0.00  101036   2024   0.01      0.00      0.00      0.00      0.00      0.00  sar -o /tmp/pgxl-explain-example/load/pgxl1/sar_raw.out 60 
 1444144639      6730    0.00    0.00    0.00    0.00     1      0.00      0.00  101036   1956   0.01      0.00      0.00      0.00      0.00      0.00  sadc 60 -z -S ALL /tmp/pgxl-explain-example/load/pgxl1/sar_raw.out 
 1444144639      6732    0.00    0.00    0.00    0.00     0      0.00      0.00  101024   2008   0.01      0.00      0.00      0.00      0.00      0.00  pidstat -h -l -d -r -u -w 60 
 1444144639      6840    0.00    0.00    0.00    0.00     2      0.00      0.00  160448   4404   0.03      0.00      0.00      0.00      0.00      0.00  gtm_proxy -D /tmp/dbt3/pgdata/gtm_proxy.1 -s pgxl -t 6666 -l /tmp/pgxl-explain-example/load/gtm_proxy_1.log 
 1444144639      6860    0.00    0.00    0.00    0.00     2      0.00      0.00  684884  40156   0.25      0.00      0.00      0.00      0.00      0.00  /opt/pgxl/bin/postgres --datanode -D /tmp/dbt3/pgdata/datanode.1.1 -p 15433 -c pooler_port=25433 -c listen_addresses=* -c max_p
 1444144639      6862    0.00    0.00    0.00    0.00     1      0.00      0.00  684884   3160   0.02      0.00      0.00      0.00      0.00      0.00  postgres: pooler process                                                                                                       
 1444144639      6863    0.00    0.00    0.00    0.00     1      0.00      0.00  685024   8688   0.05      0.00      0.00      0.00      0.00      0.00  postgres: checkpointer process                                                                                                 
 1444144639      6864    0.00    0.00    0.00    0.00     0      0.00      0.00  684884   5232   0.03      0.00      0.00      0.00      0.00      0.00  postgres: writer process                                                                                                       
 1444144639      6865    0.00    0.00    0.00    0.00     0      0.00      0.00  684884   3160   0.02      0.00      0.00      0.00      0.00      0.00  postgres: wal writer process                                                                                                   
 1444144639      6866    0.00    0.00    0.00    0.00     3      0.00      0.00  685476   6108   0.04      0.00      0.00      0.00      0.00      0.00  postgres: autovacuum launcher process                                                                                          
 1444144639      6867    0.00    0.00    0.00    0.00     0      0.00      0.00  118948   3268   0.02      0.00      0.00      0.00      0.00      0.00  postgres: stats collector process                                                                                              
 1444144639      6870    0.00    0.00    0.00    0.00     3      0.00      0.00  686260  10548   0.06      0.00      0.00      0.00      0.00      0.00  postgres: mark postgres 10.0.3.115(45350) idle                                                                                 
 1444144639      6871    0.00    0.00    0.00    0.00     1      0.00      0.00  686732  24652   0.15      0.00      0.00      0.00      0.00      0.00  postgres: mark dbt3 10.0.3.115(45356) idle                                                                                     
 1444144639      6872    0.00    0.00    0.00    0.00     0      0.00      0.00  686148  10888   0.07      0.00      0.00      0.00      0.00      0.00  postgres: mark dbt3 10.0.3.115(45402) COMMIT PREPARED                                                                          
 1444144639      6873    0.00    0.00    0.00    0.00     2      0.00      0.00  686508  15888   0.10      0.00      0.00      0.00      0.00      0.00  postgres: mark dbt3 10.0.3.115(45411) COPY                                                                                     

#      Time       PID    %usr %system  %guest    %CPU   CPU  minflt/s  majflt/s     VSZ    RSS   %MEM   kB_rd/s   kB_wr/s kB_ccwr/s   cswch/s nvcswch/s  Command
 1444144699       271    0.00    0.00    0.00    0.00     0      0.00      0.00   66276    752   0.00     -1.00     -1.00     -1.00      0.00      0.00  /usr/sbin/sshd 
 1444144699       290    0.00    0.00    0.00    0.00     2      0.00      0.00   82640    892   0.01     -1.00     -1.00     -1.00      0.19      0.00  sendmail: accepting connections
 1444144699       299    0.00    0.00    0.00    0.00     0      0.00      0.00   78236    840   0.01     -1.00     -1.00     -1.00      0.00      0.00  sendmail: Queue runner@01:00:00 for /var/spool/clientmqueue
 1444144699       309    0.00    0.00    0.00    0.00     2      0.05      0.00   20036    776   0.00     -1.00     -1.00     -1.00      0.02      0.00  crond 
 1444144699       607    0.00    0.00    0.00    0.00     2      0.00      0.00   93844   1612   0.01     -1.00     -1.00     -1.00      0.00      0.00  sshd: mark [priv] 
 1444144699       609    0.00    0.00    0.00    0.00     0      0.00      0.00   93844   1184   0.01     -1.00     -1.00     -1.00      0.00      0.00  sshd: mark@pts/4  
 1444144699       610    0.00    0.00    0.00    0.00     1      0.00      0.00  108368   1708   0.01      0.00      0.00      0.00      0.00      0.00  -bash 
 1444144699      6698    0.00    0.00    0.00    0.00     1      0.00      0.00   91772   6144   0.04     -1.00     -1.00     -1.00      0.00      0.00  sshd: mark [priv] 
 1444144699      6699    0.00    0.00    0.00    0.00     1      0.00      0.00   91772   6204   0.04     -1.00     -1.00     -1.00      0.00      0.00  sshd: mark [priv] 
 1444144699      6702    0.00    0.00    0.00    0.00     1      0.00      0.00   91772   3572   0.02     -1.00     -1.00     -1.00      0.00      0.00  sshd: mark@notty  
 1444144699      6703    0.00    0.00    0.00    0.00     1      0.00      0.00   91772   3432   0.02     -1.00     -1.00     -1.00      0.00      0.00  sshd: mark@notty  
 1444144699      6706    0.00    0.00    0.00    0.00     1      0.00      0.00  108232   2580   0.02      0.00      0.00      0.00      0.00      0.00  -bash 
 1444144699      6707    0.00    0.00    0.00    0.00     0      0.00      0.00  108232   2604   0.02      0.00      0.00      0.00      0.00      0.00  -bash 
 1444144699      6729    0.00    0.00    0.00    0.00     1      0.00      0.00  101036   1644   0.01      0.00      0.06      0.00      0.02      0.00  sar -o /tmp/pgxl-explain-example/load/pgxl1/sar_raw.out 60 
 1444144699      6730    0.00    0.00    0.00    0.00     3      0.45      0.02  101036   1680   0.01      2.39      0.39      0.00      0.40      0.06  sadc 60 -z -S ALL /tmp/pgxl-explain-example/load/pgxl1/sar_raw.out 
 1444144699      6732    0.00    0.00    0.00    0.00     0      2.05      0.00  101024   1696   0.01      0.13      0.13      0.00      0.16      0.02  pidstat -h -l -d -r -u -w 60 
 1444144699      6840    0.02    0.47    0.00    0.48     1      0.06      0.00  160448   4404   0.03      0.06      0.06      0.00      0.11      0.00  gtm_proxy -D /tmp/dbt3/pgdata/gtm_proxy.1 -s pgxl -t 6666 -l /tmp/pgxl-explain-example/load/gtm_proxy_1.log 
 1444144699      6860    0.00    0.00    0.00    0.00     3      1.16      0.00  684884  39836   0.24      2.52      0.00      0.00      0.23      0.00  /opt/pgxl/bin/postgres --datanode -D /tmp/dbt3/pgdata/datanode.1.1 -p 15433 -c pooler_port=25433 -c listen_addresses=* -c max_p
 1444144699      6862    0.00    0.00    0.00    0.00     1      0.00      0.00  684884   3160   0.02      0.00      0.00      0.00      0.03      0.02  postgres: pooler process                                                                                                       
 1444144699      6863    0.05    0.29    0.00    0.34     3     40.48      0.00  685672 148336   0.91      0.00    385.61      0.00     12.39      1.61  postgres: checkpointer process                                                                                                 
 1444144699      6864    0.00    0.02    0.00    0.02     0      8.24      0.00  684884   7464   0.05      0.00      0.00      0.00      4.85      0.05  postgres: writer process                                                                                                       
 1444144699      6865    0.08    1.47    0.00    1.55     0     61.18      0.00  684884  20004   0.12      0.00  11228.52      0.00    103.23      6.27  postgres: wal writer process                                                                                                   
 1444144699      6866    0.00    0.00    0.00    0.00     1      0.42      0.00  685468   6188   0.04      0.00      0.00      0.00      0.23      0.02  postgres: autovacuum launcher process                                                                                          
 1444144699      6867    0.00    0.02    0.00    0.02     3      0.29      0.00  118948   3284   0.02      0.00      1.94      0.19      3.79      0.06  postgres: stats collector process                                                                                              
 1444144699      6870    0.00    0.00    0.00    0.00     3      0.00      0.00  686260  10456   0.06      0.00      0.00      0.00      0.02      0.00  postgres: mark postgres 10.0.3.115(45350) idle                                                                                 
 1444144699      6871    0.13    0.13    0.00    0.26     2     46.00      0.00  687520  64556   0.40      0.52    921.42      0.06     12.02      1.05  postgres: mark dbt3 10.0.3.115(45356) idle                                                                                     
 1444144699      6872    1.84    0.56    0.00    2.40     0    179.06      0.00  687520  68080   0.42      1.42   3648.32      0.39     37.26      9.44  postgres: mark dbt3 10.0.3.115(45402) idle                                                                                     
 1444144699      6873    0.21    0.05    0.00    0.26     1     71.23      0.00  686148  35356   0.22      0.00    236.32      0.00     11.23      1.06  postgres: mark dbt3 10.0.3.115(45411) idle                                                                                     

#      Time       PID    %usr %system  %guest    %CPU   CPU  minflt/s  majflt/s     VSZ    RSS   %MEM   kB_rd/s   kB_wr/s kB_ccwr/s   cswch/s nvcswch/s  Command
 1444144759         1    0.00    0.00    0.00    0.00     0      0.00      0.00   19292    692   0.00     -1.00     -1.00     -1.00      0.00      0.00  /sbin/init 
 1444144759        78    0.00    0.00    0.00    0.00     1      0.00      0.00    4124    536   0.00     -1.00     -1.00     -1.00      0.00      0.00  /sbin/mingetty --nohangup console 
 1444144759       241    0.00    0.00    0.00    0.00     0      0.00      0.00  245104    744   0.00     -1.00     -1.00     -1.00      0.00      0.00  /sbin/rsyslogd -i /var/run/syslogd.pid -c 5 
 1444144759       271    0.00    0.00    0.00    0.00     0      0.00      0.00   66276    604   0.00     -1.00     -1.00     -1.00      0.00      0.00  /usr/sbin/sshd 
 1444144759       290    0.00    0.02    0.00    0.02     2      0.00      0.00   82640    892   0.01     -1.00     -1.00     -1.00      0.21      0.14  sendmail: accepting connections
 1444144759       299    0.00    0.00    0.00    0.00     0      0.00      0.00   78236    828   0.01     -1.00     -1.00     -1.00      0.00      0.00  sendmail: Queue runner@01:00:00 for /var/spool/clientmqueue
 1444144759       309    0.00    0.00    0.00    0.00     2      0.05      0.00   20036    764   0.00     -1.00     -1.00     -1.00      0.02      0.02  crond 
 1444144759       321    0.00    0.00    0.00    0.00     3      0.00      0.00    4124    536   0.00     -1.00     -1.00     -1.00      0.00      0.00  /sbin/mingetty --nohangup /dev/tty1 
 1444144759       323    0.00    0.00    0.00    0.00     0      0.00      0.00    4124    516   0.00     -1.00     -1.00     -1.00      0.00      0.00  /sbin/mingetty --nohangup /dev/tty2 
 1444144759       325    0.00    0.00    0.00    0.00     2      0.00      0.00    4124    532   0.00     -1.00     -1.00     -1.00      0.00      0.00  /sbin/mingetty --nohangup /dev/tty3 
 1444144759       327    0.00    0.00    0.00    0.00     3      0.00      0.00    4124    540   0.00     -1.00     -1.00     -1.00      0.00      0.00  /sbin/mingetty --nohangup /dev/tty4 
 1444144759       607    0.00    0.00    0.00    0.00     2      0.00      0.00   93844   1424   0.01     -1.00     -1.00     -1.00      0.00      0.00  sshd: mark [priv] 
 1444144759       609    0.00    0.00    0.00    0.00     0      0.00      0.00   93844    996   0.01     -1.00     -1.00     -1.00      0.00      0.00  sshd: mark@pts/4  
 1444144759       610    0.00    0.00    0.00    0.00     1      0.00      0.00  108368   1336   0.01      0.00      0.00      0.00      0.00      0.00  -bash 
 1444144759      6698    0.00    0.00    0.00    0.00     1      0.00      0.00   91772   5912   0.04     -1.00     -1.00     -1.00      0.00      0.00  sshd: mark [priv] 
 1444144759      6699    0.00    0.00    0.00    0.00     1      0.00      0.00   91772   6000   0.04     -1.00     -1.00     -1.00      0.00      0.00  sshd: mark [priv] 
 1444144759      6702    0.00    0.00    0.00    0.00     1      0.00      0.00   91772   3376   0.02     -1.00     -1.00     -1.00      0.00      0.00  sshd: mark@notty  
 1444144759      6703    0.00    0.00    0.00    0.00     1      0.00      0.00   91772   3236   0.02     -1.00     -1.00     -1.00      0.00      0.00  sshd: mark@notty  
 1444144759      6706    0.00    0.00    0.00    0.00     1      0.00      0.00  108232   2208   0.01      0.00      0.00      0.00      0.00      0.00  -bash 
 1444144759      6707    0.00    0.00    0.00    0.00     0      0.00      0.00  108232   2236   0.01      0.00      0.00      0.00      0.00      0.00  -bash 
 1444144759      6729    0.00    0.00    0.00    0.00     1      0.02      0.00  101036   1636   0.01      0.00      0.07      0.00      0.02      0.00  sar -o /tmp/pgxl-explain-example/load/pgxl1/sar_raw.out 60 
 1444144759      6730    0.00    0.02    0.00    0.02     3      0.53      0.00  101036   1656   0.01      0.48      0.41      0.00      0.57      0.28  sadc 60 -z -S ALL /tmp/pgxl-explain-example/load/pgxl1/sar_raw.out 
 1444144759      6732    0.00    0.02    0.00    0.02     0      2.16      0.00  101024   1688   0.01      0.14      0.14      0.00      0.17      0.07  pidstat -h -l -d -r -u -w 60 
 1444144759      6840    0.05    0.40    0.00    0.45     0      0.00      0.00  160448   4396   0.03      0.00      0.14      0.00      0.12      0.00  gtm_proxy -D /tmp/dbt3/pgdata/gtm_proxy.1 -s pgxl -t 6666 -l /tmp/pgxl-explain-example/load/gtm_proxy_1.log 
 1444144759      6860    0.00    0.00    0.00    0.00     1      1.24      0.00  684884  39828   0.24      0.14      0.00      0.00      0.19      0.00  /opt/pgxl/bin/postgres --datanode -D /tmp/dbt3/pgdata/datanode.1.1 -p 15433 -c pooler_port=25433 -c listen_addresses=* -c max_p
 1444144759      6862    0.00    0.00    0.00    0.00     1      0.00      0.00  684884   3160   0.02      0.00      0.00      0.00      0.03      0.00  postgres: pooler process                                                                                                       
 1444144759      6863    0.09    0.47    0.00    0.55     3     11.64      0.00  685672 190068   1.16      0.21   2925.52      0.00     48.12      4.52  postgres: checkpointer process                                                                                                 
 1444144759      6864    0.00    0.02    0.00    0.02     1      1.90      0.00  684884   7728   0.05      0.00      0.00      0.00      3.21      0.05  postgres: writer process                                                                                                       
 1444144759      6865    0.07    1.02    0.00    1.09     1      0.00      0.00  684884  20004   0.12      0.00   8918.48      0.00     82.19      3.33  postgres: wal writer process                                                                                                   
 1444144759      6866    0.00    0.00    0.00    0.00     2      0.12      0.00  685468   6192   0.04      0.00      0.00      0.00      0.21      0.02  postgres: autovacuum launcher process                                                                                          
 1444144759      6867    0.00    0.00    0.00    0.00     1      0.24      0.00  118948   3284   0.02      0.00      1.52      0.00      3.17      0.05  postgres: stats collector process                                                                                              
 1444144759      6871    5.12    0.62    0.00    5.74     1    475.90      0.00  799600 222380   1.36      0.00      6.41      0.00      0.14     15.91  postgres: mark dbt3 10.0.3.115(45356) CREATE INDEX                                                                             
 1444144759      6872    5.76    0.59    0.00    6.34     0    403.62      0.00  791364 176328   1.08      0.00     28.07      0.00      0.22     25.78  postgres: mark dbt3 10.0.3.115(45402) CREATE INDEX                                                                             
 1444144759      6873    4.34    0.55    0.00    4.90     1    255.33      0.00  686480  93844   0.57      0.00    598.21      0.07      3.66     17.02  postgres: mark dbt3 10.0.3.115(45411) idle                                                                                     

#      Time       PID    %usr %system  %guest    %CPU   CPU  minflt/s  majflt/s     VSZ    RSS   %MEM   kB_rd/s   kB_wr/s kB_ccwr/s   cswch/s nvcswch/s  Command
 1444144819         1    0.00    0.00    0.00    0.00     0      0.00      0.00   19292    680   0.00     -1.00     -1.00     -1.00      0.00      0.00  /sbin/init 
 1444144819        78    0.00    0.00    0.00    0.00     1      0.00      0.00    4124    524   0.00     -1.00     -1.00     -1.00      0.00      0.00  /sbin/mingetty --nohangup console 
 1444144819       241    0.00    0.00    0.00    0.00     0      0.10      0.06  245104    664   0.00     -1.00     -1.00     -1.00      0.00      0.00  /sbin/rsyslogd -i /var/run/syslogd.pid -c 5 
 1444144819       271    0.00    0.00    0.00    0.00     0      0.00      0.00   66276    568   0.00     -1.00     -1.00     -1.00      0.00      0.00  /usr/sbin/sshd 
 1444144819       290    0.00    0.00    0.00    0.00     2      0.00      0.00   82640    812   0.00     -1.00     -1.00     -1.00      0.19      0.18  sendmail: accepting connections
 1444144819       299    0.00    0.00    0.00    0.00     0      0.00      0.00   78236    752   0.00     -1.00     -1.00     -1.00      0.00      0.00  sendmail: Queue runner@01:00:00 for /var/spool/clientmqueue
 1444144819       309    0.00    0.00    0.00    0.00     2      0.18      0.02   20036    632   0.00     -1.00     -1.00     -1.00      0.05      0.00  crond 
 1444144819       321    0.00    0.00    0.00    0.00     3      0.00      0.00    4124    524   0.00     -1.00     -1.00     -1.00      0.00      0.00  /sbin/mingetty --nohangup /dev/tty1 
 1444144819       323    0.00    0.00    0.00    0.00     0      0.02      0.00    4124    512   0.00     -1.00     -1.00     -1.00      0.00      0.00  /sbin/mingetty --nohangup /dev/tty2 
 1444144819       325    0.00    0.00    0.00    0.00     2      0.00      0.00    4124    508   0.00     -1.00     -1.00     -1.00      0.00      0.00  /sbin/mingetty --nohangup /dev/tty3 
 1444144819       327    0.00    0.00    0.00    0.00     3      0.00      0.00    4124    512   0.00     -1.00     -1.00     -1.00      0.00      0.00  /sbin/mingetty --nohangup /dev/tty4 
 1444144819       607    0.00    0.00    0.00    0.00     2      0.00      0.00   93844    708   0.00     -1.00     -1.00     -1.00      0.00      0.00  sshd: mark [priv] 
 1444144819       609    0.00    0.00    0.00    0.00     0      0.00      0.00   93844    752   0.00     -1.00     -1.00     -1.00      0.00      0.00  sshd: mark@pts/4  
 1444144819       610    0.00    0.00    0.00    0.00     1      0.00      0.00  108368    944   0.01      0.00      0.00      0.00      0.00      0.00  -bash 
 1444144819      6698    0.00    0.00    0.00    0.00     1      0.00      0.00   91772   4960   0.03     -1.00     -1.00     -1.00      0.00      0.00  sshd: mark [priv] 
 1444144819      6699    0.00    0.00    0.00    0.00     1      0.00      0.00   91772   5076   0.03     -1.00     -1.00     -1.00      0.00      0.00  sshd: mark [priv] 
 1444144819      6702    0.00    0.00    0.00    0.00     1      0.19      0.05   91772   2960   0.02     -1.00     -1.00     -1.00      0.10      0.00  sshd: mark@notty  
 1444144819      6703    0.00    0.00    0.00    0.00     3      0.16      0.08   91772   2896   0.02     -1.00     -1.00     -1.00      0.10      0.02  sshd: mark@notty  
 1444144819      6706    0.00    0.00    0.00    0.00     1      0.00      0.00  108232   1704   0.01      0.00      0.00      0.00      0.00      0.00  -bash 
 1444144819      6707    0.00    0.00    0.00    0.00     0      0.00      0.00  108232   1716   0.01      0.00      0.00      0.00      0.00      0.00  -bash 
 1444144819      6729    0.00    0.00    0.00    0.00     2      0.02      0.00  101036   1488   0.01      0.06      0.13      0.00      0.06      0.00  sar -o /tmp/pgxl-explain-example/load/pgxl1/sar_raw.out 60 
 1444144819      6730    0.00    0.00    0.00    0.00     2      0.95      0.00  101032   1596   0.01      0.71      0.71      0.00      0.87      0.21  sadc 60 -z -S ALL /tmp/pgxl-explain-example/load/pgxl1/sar_raw.out 
 1444144819      6732    0.02    0.00    0.00    0.02     0      2.02      0.02  101024   1604   0.01      2.19      0.19      0.00      0.15      0.08  pidstat -h -l -d -r -u -w 60 
 1444144819      6840    0.05    0.26    0.00    0.31     2      0.00      0.00  160448   4360   0.03      0.00      0.06      0.00      0.11      0.00  gtm_proxy -D /tmp/dbt3/pgdata/gtm_proxy.1 -s pgxl -t 6666 -l /tmp/pgxl-explain-example/load/gtm_proxy_1.log 
 1444144819      6860    0.00    0.02    0.00    0.02     0      1.18      0.00  684884  39764   0.24      0.45      0.00      0.00      0.21      0.02  /opt/pgxl/bin/postgres --datanode -D /tmp/dbt3/pgdata/datanode.1.1 -p 15433 -c pooler_port=25433 -c listen_addresses=* -c max_p
 1444144819      6862    0.00    0.00    0.00    0.00     1      0.00      0.00  684884   3160   0.02      0.00      0.00      0.00      0.03      0.00  postgres: pooler process                                                                                                       
 1444144819      6863    0.05    0.08    0.00    0.13     1      3.31      0.00  685672 202696   1.24      0.00    598.58      0.00      3.42      0.35  postgres: checkpointer process                                                                                                 
 1444144819      6864    0.00    0.02    0.00    0.02     2      0.00      0.00  684884   7728   0.05      0.00      0.00      0.00      1.44      0.00  postgres: writer process                                                                                                       
 1444144819      6865    0.05    0.82    0.00    0.87     2      0.00      0.00  684884  20004   0.12      0.00   6329.68      0.00     26.42      1.61  postgres: wal writer process                                                                                                   
 1444144819      6866    0.00    0.00    0.00    0.00     2      0.10      0.00  685468   6192   0.04      0.00      0.00      0.00      0.19      0.03  postgres: autovacuum launcher process                                                                                          
 1444144819      6867    0.00    0.02    0.00    0.02     2      0.23      0.00  118948   3284   0.02      0.00      1.42      0.00      2.47      0.03  postgres: stats collector process                                                                                              
 1444144819      6871   15.92    0.32    0.00   16.24     3      0.00      0.00  701256 129464   0.79      0.00    787.68      0.06      0.60     45.65  postgres: mark dbt3 10.0.3.115(45356) idle                                                                                     
 1444144819      6872   13.18    0.48    0.00   13.66     2     68.47      0.00  701216 130512   0.80   1492.58    902.90      0.06     13.08     47.79  postgres: mark dbt3 10.0.3.115(45402) VACUUM                                                                                   

#      Time       PID    %usr %system  %guest    %CPU   CPU  minflt/s  majflt/s     VSZ    RSS   %MEM   kB_rd/s   kB_wr/s kB_ccwr/s   cswch/s nvcswch/s  Command
 1444144879       290    0.00    0.00    0.00    0.00     1      0.00      0.00   82640    812   0.00     -1.00     -1.00     -1.00      0.20      0.07  sendmail: accepting connections
 1444144879       309    0.00    0.00    0.00    0.00     2      0.12      0.00   20036    656   0.00     -1.00     -1.00     -1.00      0.02      0.00  crond 
 1444144879       609    0.00    0.00    0.00    0.00     0      0.18      0.00   93844    752   0.00     -1.00     -1.00     -1.00      0.02      0.02  sshd: mark@pts/4  
 1444144879      6730    0.00    0.00    0.00    0.00     0      0.05      0.00  101032   1596   0.01      0.20      0.00      0.00      0.25      0.08  sadc 60 -z -S ALL /tmp/pgxl-explain-example/load/pgxl1/sar_raw.out 
 1444144879      6732    0.00    0.00    0.00    0.00     0      2.08      0.00  101024   1604   0.01      0.13      0.20      0.00      0.13      0.13  pidstat -h -l -d -r -u -w 60 
 1444144879      6840    0.10    0.32    0.00    0.42     0      0.00      0.00  160448   4360   0.03      0.00      0.07      0.00      0.12      0.00  gtm_proxy -D /tmp/dbt3/pgdata/gtm_proxy.1 -s pgxl -t 6666 -l /tmp/pgxl-explain-example/load/gtm_proxy_1.log 
 1444144879      6860    0.00    0.00    0.00    0.00     2      1.20      0.00  684884  39764   0.24      2.27      0.00      0.00      0.23      0.00  /opt/pgxl/bin/postgres --datanode -D /tmp/dbt3/pgdata/datanode.1.1 -p 15433 -c pooler_port=25433 -c listen_addresses=* -c max_p
 1444144879      6862    0.00    0.00    0.00    0.00     1      0.00      0.00  684884   3160   0.02      0.00      0.00      0.00      0.03      0.00  postgres: pooler process                                                                                                       
 1444144879      6863    0.00    0.12    0.00    0.12     1      1.68      0.00  685672 211084   1.29      0.00    570.47      0.00     19.43      0.32  postgres: checkpointer process                                                                                                 
 1444144879      6864    0.00    0.00    0.00    0.00     0      0.00      0.00  684884   7728   0.05      0.00      0.00      0.00      1.28      0.00  postgres: writer process                                                                                                       
 1444144879      6865    0.03    0.57    0.00    0.60     1      0.00      0.00  684884  20004   0.12      0.00   6239.73      0.00     46.47      2.92  postgres: wal writer process                                                                                                   
 1444144879      6866    0.00    0.00    0.00    0.00     3      0.22      0.00  685468   6196   0.04      0.00      0.00      0.00      0.30      0.03  postgres: autovacuum launcher process                                                                                          
 1444144879      6867    0.00    0.00    0.00    0.00     1      0.23      0.00  118948   3284   0.02      0.00      1.73      0.00      3.10      0.02  postgres: stats collector process                                                                                              
 1444144879      6872    1.30    0.02    0.00    1.32     3      0.10      0.00  701216 130512   0.80      0.00     46.00      0.00      0.30      3.87  postgres: mark dbt3 10.0.3.115(45402) idle                                                                                     

#      Time       PID    %usr %system  %guest    %CPU   CPU  minflt/s  majflt/s     VSZ    RSS   %MEM   kB_rd/s   kB_wr/s kB_ccwr/s   cswch/s nvcswch/s  Command
 1444144939       290    0.00    0.00    0.00    0.00     1      0.00      0.00   82640    812   0.00     -1.00     -1.00     -1.00      0.20      0.08  sendmail: accepting connections
 1444144939       309    0.00    0.00    0.00    0.00     2      0.05      0.00   20036    656   0.00     -1.00     -1.00     -1.00      0.02      0.00  crond 
 1444144939      6729    0.00    0.00    0.00    0.00     0      0.00      0.00  101036   1488   0.01      0.00      0.07      0.00      0.02      0.00  sar -o /tmp/pgxl-explain-example/load/pgxl1/sar_raw.out 60 
 1444144939      6730    0.00    0.00    0.00    0.00     0      0.50      0.00  101036   1596   0.01      0.60      0.33      0.00      0.52      0.17  sadc 60 -z -S ALL /tmp/pgxl-explain-example/load/pgxl1/sar_raw.out 
 1444144939      6732    0.00    0.00    0.00    0.00     0      2.08      0.00  101024   1604   0.01      0.20      0.13      0.00      0.20      0.07  pidstat -h -l -d -r -u -w 60 
 1444144939      6840    0.08    0.30    0.00    0.38     1      0.03      0.00  160448   4360   0.03      0.00      0.13      0.00      0.12      0.00  gtm_proxy -D /tmp/dbt3/pgdata/gtm_proxy.1 -s pgxl -t 6666 -l /tmp/pgxl-explain-example/load/gtm_proxy_1.log 
 1444144939      6860    0.00    0.00    0.00    0.00     0      1.22      0.00  684884  39764   0.24      2.20      0.00      0.00      0.20      0.00  /opt/pgxl/bin/postgres --datanode -D /tmp/dbt3/pgdata/datanode.1.1 -p 15433 -c pooler_port=25433 -c listen_addresses=* -c max_p
 1444144939      6862    0.00    0.00    0.00    0.00     1      0.00      0.00  684884   3160   0.02      0.00      0.00      0.00      0.03      0.00  postgres: pooler process                                                                                                       
 1444144939      6863    0.05    0.33    0.00    0.38     0      0.18      0.00  685672 211084   1.29      0.00    482.40      0.00     58.37      1.08  postgres: checkpointer process                                                                                                 
 1444144939      6864    0.00    0.00    0.00    0.00     0      0.00      0.00  684884   7728   0.05      0.00      0.00      0.00      1.68      0.00  postgres: writer process                                                                                                       
 1444144939      6865    0.05    1.00    0.00    1.05     1      0.00      0.00  684884  20004   0.12      0.00  11230.53      0.00     98.07      4.02  postgres: wal writer process                                                                                                   
 1444144939      6866    0.00    0.00    0.00    0.00     2      0.10      0.00  685468   6196   0.04      0.00      0.00      0.00      0.20      0.00  postgres: autovacuum launcher process                                                                                          
 1444144939      6867    0.00    0.02    0.00    0.02     3      0.20      0.00  118948   3284   0.02      0.00      1.40      0.00      5.02      0.03  postgres: stats collector process                                                                                              
 1444144939      6871    0.00    0.00    0.00    0.00     3      0.00      0.00  701256 129396   0.79      0.00      0.00      0.00      0.00      0.00  postgres: mark dbt3 10.0.3.115(45356) idle                                                                                     
 1444144939      6872    0.00    0.00    0.00    0.00     3      0.00      0.00  701216 130444   0.80      0.00      0.00      0.00      0.00      0.00  postgres: mark dbt3 10.0.3.115(45402) idle                                                                                     

#      Time       PID    %usr %system  %guest    %CPU   CPU  minflt/s  majflt/s     VSZ    RSS   %MEM   kB_rd/s   kB_wr/s kB_ccwr/s   cswch/s nvcswch/s  Command
 1444144999       290    0.00    0.00    0.00    0.00     3      0.00      0.00   82640    812   0.00     -1.00     -1.00     -1.00      0.20      0.02  sendmail: accepting connections
 1444144999       309    0.00    0.00    0.00    0.00     2      0.05      0.00   20036    656   0.00     -1.00     -1.00     -1.00      0.02      0.00  crond 
 1444144999       607    0.00    0.00    0.00    0.00     2      0.00      0.00   93844    608   0.00     -1.00     -1.00     -1.00      0.00      0.00  sshd: mark [priv] 
 1444144999       609    0.00    0.00    0.00    0.00     0      0.00      0.00   93844    688   0.00     -1.00     -1.00     -1.00      0.00      0.00  sshd: mark@pts/4  
 1444144999      6698    0.00    0.00    0.00    0.00     1      0.00      0.00   91772   4860   0.03     -1.00     -1.00     -1.00      0.00      0.00  sshd: mark [priv] 
 1444144999      6699    0.00    0.00    0.00    0.00     1      0.00      0.00   91772   4976   0.03     -1.00     -1.00     -1.00      0.00      0.00  sshd: mark [priv] 
 1444144999      6702    0.00    0.00    0.00    0.00     1      0.00      0.00   91772   2896   0.02     -1.00     -1.00     -1.00      0.00      0.00  sshd: mark@notty  
 1444144999      6703    0.00    0.00    0.00    0.00     3      0.00      0.00   91772   2832   0.02     -1.00     -1.00     -1.00      0.00      0.00  sshd: mark@notty  
 1444144999      6706    0.00    0.00    0.00    0.00     1      0.00      0.00  108232   1692   0.01      0.00      0.00      0.00      0.00      0.00  -bash 
 1444144999      6707    0.00    0.00    0.00    0.00     0      0.00      0.00  108232   1708   0.01      0.00      0.00      0.00      0.00      0.00  -bash 
 1444144999      6729    0.00    0.00    0.00    0.00     0      0.00      0.00  101036   1424   0.01      0.00      0.07      0.00      0.02      0.00  sar -o /tmp/pgxl-explain-example/load/pgxl1/sar_raw.out 60 
 1444144999      6730    0.00    0.02    0.00    0.02     0      0.50      0.00  101032   1536   0.01      0.53      0.40      0.00      0.58      0.00  sadc 60 -z -S ALL /tmp/pgxl-explain-example/load/pgxl1/sar_raw.out 
 1444144999      6732    0.00    0.02    0.00    0.02     0      2.08      0.00  101024   1540   0.01      0.07      0.13      0.00      0.22      0.00  pidstat -h -l -d -r -u -w 60 
 1444144999      6840    0.12    0.27    0.00    0.38     0      0.00      0.00  160448   4360   0.03      0.00      0.07      0.00      0.10      0.00  gtm_proxy -D /tmp/dbt3/pgdata/gtm_proxy.1 -s pgxl -t 6666 -l /tmp/pgxl-explain-example/load/gtm_proxy_1.log 
 1444144999      6860    0.00    0.00    0.00    0.00     2      1.20      0.00  684884  39764   0.24      0.00      0.00      0.00      0.22      0.00  /opt/pgxl/bin/postgres --datanode -D /tmp/dbt3/pgdata/datanode.1.1 -p 15433 -c pooler_port=25433 -c listen_addresses=* -c max_p
 1444144999      6862    0.00    0.00    0.00    0.00     3      0.00      0.00  684884   3160   0.02      0.00      0.00      0.00      0.03      0.00  postgres: pooler process                                                                                                       
 1444144999      6863    0.03    0.05    0.00    0.08     3      0.65      0.00  685672 215236   1.32      1.40    478.00      0.00      9.88      0.45  postgres: checkpointer process                                                                                                 
 1444144999      6864    0.00    0.00    0.00    0.00     0      0.00      0.00  684884   7728   0.05      0.00      0.00      0.00      1.35      0.00  postgres: writer process                                                                                                       
 1444144999      6865    0.07    0.70    0.00    0.77     3      0.00      0.00  684884  20004   0.12      0.00   8596.80      0.00     74.78      2.78  postgres: wal writer process                                                                                                   
 1444144999      6866    0.00    0.00    0.00    0.00     1      0.10      0.00  685468   6196   0.04      0.00      0.00      0.00      0.20      0.00  postgres: autovacuum launcher process                                                                                          
 1444144999      6867    0.00    0.00    0.00    0.00     0      0.20      0.00  118948   3284   0.02      0.00      1.40      0.00      3.10      0.02  postgres: stats collector process                                                                                              
 1444144999      6871    0.00    0.00    0.00    0.00     3      0.00      0.00  701256 129392   0.79      0.00      0.00      0.00      0.00      0.00  postgres: mark dbt3 10.0.3.115(45356) idle                                                                                     
 1444144999      6872    0.00    0.00    0.00    0.00     3      0.00      0.00  701216 130440   0.80      0.00      0.00      0.00      0.00      0.00  postgres: mark dbt3 10.0.3.115(45402) idle                                                                                     

#      Time       PID    %usr %system  %guest    %CPU   CPU  minflt/s  majflt/s     VSZ    RSS   %MEM   kB_rd/s   kB_wr/s kB_ccwr/s   cswch/s nvcswch/s  Command
 1444145059       241    0.00    0.00    0.00    0.00     0      0.00      0.00  245104    204   0.00     -1.00     -1.00     -1.00      0.00      0.00  /sbin/rsyslogd -i /var/run/syslogd.pid -c 5 
 1444145059       290    0.00    0.00    0.00    0.00     2      0.00      0.00   82640    812   0.00     -1.00     -1.00     -1.00      0.20      0.10  sendmail: accepting connections
 1444145059       309    0.00    0.00    0.00    0.00     2      0.05      0.00   20036    632   0.00     -1.00     -1.00     -1.00      0.02      0.00  crond 
 1444145059       609    0.00    0.00    0.00    0.00     0      0.00      0.00   93844    516   0.00     -1.00     -1.00     -1.00      0.00      0.00  sshd: mark@pts/4  
 1444145059      6702    0.00    0.00    0.00    0.00     1      0.10      0.02   91772   3144   0.02     -1.00     -1.00     -1.00      0.08      0.02  sshd: mark@notty  
 1444145059      6703    0.00    0.00    0.00    0.00     3      0.08      0.07   91772   3132   0.02     -1.00     -1.00     -1.00      0.08      0.00  sshd: mark@notty  
 1444145059      6729    0.00    0.00    0.00    0.00     0      0.00      0.00  101036   1424   0.01      0.00      0.13      0.00      0.05      0.00  sar -o /tmp/pgxl-explain-example/load/pgxl1/sar_raw.out 60 
 1444145059      6730    0.00    0.00    0.00    0.00     1      0.95      0.00  101032   1536   0.01      0.73      0.73      0.00      0.87      0.00  sadc 60 -z -S ALL /tmp/pgxl-explain-example/load/pgxl1/sar_raw.out 
 1444145059      6732    0.00    0.00    0.00    0.00     1      2.08      0.00  101024   1540   0.01      0.13      0.13      0.00      0.15      0.00  pidstat -h -l -d -r -u -w 60 
 1444145059      6840    0.10    0.23    0.00    0.33     0      0.00      0.00  160448   4360   0.03      0.00      0.07      0.00      0.12      0.00  gtm_proxy -D /tmp/dbt3/pgdata/gtm_proxy.1 -s pgxl -t 6666 -l /tmp/pgxl-explain-example/load/gtm_proxy_1.log 
 1444145059      6860    0.00    0.00    0.00    0.00     3      1.20      0.00  684884  39764   0.24      0.00      0.00      0.00      0.22      0.02  /opt/pgxl/bin/postgres --datanode -D /tmp/dbt3/pgdata/datanode.1.1 -p 15433 -c pooler_port=25433 -c listen_addresses=* -c max_p
 1444145059      6862    0.00    0.00    0.00    0.00     3      0.00      0.00  684884   3160   0.02      0.00      0.00      0.00      0.03      0.00  postgres: pooler process                                                                                                       
 1444145059      6863    0.03    0.25    0.00    0.28     2      0.17      0.00  685672 215236   1.32      0.00     59.27      0.00     66.92      0.57  postgres: checkpointer process                                                                                                 
 1444145059      6864    0.00    0.00    0.00    0.00     1      0.00      0.00  684884   7728   0.05      0.00      0.00      0.00      1.82      0.05  postgres: writer process                                                                                                       
 1444145059      6865    0.08    1.20    0.00    1.28     2      0.00      0.00  684884  20004   0.12      0.00  14242.67      0.00    132.38      3.65  postgres: wal writer process                                                                                                   
 1444145059      6866    0.00    0.00    0.00    0.00     1      0.10      0.00  685468   6196   0.04      0.00      0.00      0.00      0.20      0.03  postgres: autovacuum launcher process                                                                                          
 1444145059      6867    0.00    0.02    0.00    0.02     2      0.17      0.00  118948   3284   0.02      0.00      1.07      0.00      1.82      0.00  postgres: stats collector process                                                                                              

#      Time       PID    %usr %system  %guest    %CPU   CPU  minflt/s  majflt/s     VSZ    RSS   %MEM   kB_rd/s   kB_wr/s kB_ccwr/s   cswch/s nvcswch/s  Command
 1444145119       290    0.00    0.00    0.00    0.00     0      0.00      0.00   82640    812   0.00     -1.00     -1.00     -1.00      0.20      0.08  sendmail: accepting connections
 1444145119       309    0.00    0.00    0.00    0.00     2      0.05      0.00   20036    632   0.00     -1.00     -1.00     -1.00      0.02      0.00  crond 
 1444145119       609    0.00    0.00    0.00    0.00     0      0.17      0.00   93844    516   0.00     -1.00     -1.00     -1.00      0.02      0.02  sshd: mark@pts/4  
 1444145119      6702    0.00    0.00    0.00    0.00     0      0.12      0.02   91772   3144   0.02     -1.00     -1.00     -1.00      0.07      0.02  sshd: mark@notty  
 1444145119      6703    0.00    0.00    0.00    0.00     0      0.05      0.03   91772   3132   0.02     -1.00     -1.00     -1.00      0.07      0.02  sshd: mark@notty  
 1444145119      6729    0.00    0.00    0.00    0.00     0      0.00      0.00  101036   1424   0.01      0.00      0.07      0.00      0.02      0.00  sar -o /tmp/pgxl-explain-example/load/pgxl1/sar_raw.out 60 
 1444145119      6730    0.00    0.00    0.00    0.00     3      0.50      0.00  101032   1536   0.01      0.47      0.40      0.00      0.43      0.25  sadc 60 -z -S ALL /tmp/pgxl-explain-example/load/pgxl1/sar_raw.out 
 1444145119      6732    0.00    0.00    0.00    0.00     1      2.08      0.00  101024   1540   0.01      0.07      0.13      0.00      0.15      0.03  pidstat -h -l -d -r -u -w 60 
 1444145119      6840    0.03    0.32    0.00    0.35     1      0.00      0.00  160448   4360   0.03      0.00      0.07      0.00      0.12      0.00  gtm_proxy -D /tmp/dbt3/pgdata/gtm_proxy.1 -s pgxl -t 6666 -l /tmp/pgxl-explain-example/load/gtm_proxy_1.log 
 1444145119      6860    0.00    0.00    0.00    0.00     1      1.20      0.00  684884  39764   0.24      0.00      0.00      0.00      0.23      0.00  /opt/pgxl/bin/postgres --datanode -D /tmp/dbt3/pgdata/datanode.1.1 -p 15433 -c pooler_port=25433 -c listen_addresses=* -c max_p
 1444145119      6862    0.00    0.00    0.00    0.00     3      0.00      0.00  684884   3160   0.02      0.00      0.00      0.00      0.03      0.00  postgres: pooler process                                                                                                       
 1444145119      6863    0.05    0.08    0.00    0.13     0      0.08      0.00  685672 215236   1.32      0.00     85.33      0.00     63.08      0.43  postgres: checkpointer process                                                                                                 
 1444145119      6864    0.02    0.00    0.00    0.02     2      0.00      0.00  684884   7728   0.05      0.00      0.00      0.00      1.75      0.02  postgres: writer process                                                                                                       
 1444145119      6865    0.12    1.15    0.00    1.27     3      0.00      0.00  684884  20004   0.12      0.00  13748.27      0.00    167.25      3.77  postgres: wal writer process                                                                                                   
 1444145119      6866    0.00    0.00    0.00    0.00     0      0.10      0.00  685468   6196   0.04      0.00      0.00      0.00      0.20      0.00  postgres: autovacuum launcher process                                                                                          
 1444145119      6867    0.02    0.00    0.00    0.02     1      0.17      0.00  118948   3284   0.02      0.00      1.07      0.00      1.63      0.02  postgres: stats collector process                                                                                              

#      Time       PID    %usr %system  %guest    %CPU   CPU  minflt/s  majflt/s     VSZ    RSS   %MEM   kB_rd/s   kB_wr/s kB_ccwr/s   cswch/s nvcswch/s  Command
 1444145179         1    0.00    0.00    0.00    0.00     0      0.00      0.00   19292    672   0.00     -1.00     -1.00     -1.00      0.00      0.00  /sbin/init 
 1444145179        78    0.00    0.00    0.00    0.00     1      0.00      0.00    4124    516   0.00     -1.00     -1.00     -1.00      0.00      0.00  /sbin/mingetty --nohangup console 
 1444145179       241    0.00    0.00    0.00    0.00     0      0.00      0.00  245104    196   0.00     -1.00     -1.00     -1.00      0.00      0.00  /sbin/rsyslogd -i /var/run/syslogd.pid -c 5 
 1444145179       271    0.00    0.00    0.00    0.00     0      0.00      0.00   66276    564   0.00     -1.00     -1.00     -1.00      0.00      0.00  /usr/sbin/sshd 
 1444145179       290    0.00    0.00    0.00    0.00     1      0.00      0.00   82640    804   0.00     -1.00     -1.00     -1.00      0.20      0.05  sendmail: accepting connections
 1444145179       299    0.00    0.00    0.00    0.00     0      0.00      0.00   78236    748   0.00     -1.00     -1.00     -1.00      0.00      0.00  sendmail: Queue runner@01:00:00 for /var/spool/clientmqueue
 1444145179       309    0.00    0.00    0.00    0.00     2      0.05      0.00   20036    624   0.00     -1.00     -1.00     -1.00      0.02      0.02  crond 
 1444145179       321    0.00    0.00    0.00    0.00     3      0.00      0.00    4124    516   0.00     -1.00     -1.00     -1.00      0.00      0.00  /sbin/mingetty --nohangup /dev/tty1 
 1444145179       323    0.00    0.00    0.00    0.00     0      0.00      0.00    4124    504   0.00     -1.00     -1.00     -1.00      0.00      0.00  /sbin/mingetty --nohangup /dev/tty2 
 1444145179       325    0.00    0.00    0.00    0.00     2      0.00      0.00    4124    500   0.00     -1.00     -1.00     -1.00      0.00      0.00  /sbin/mingetty --nohangup /dev/tty3 
 1444145179       327    0.00    0.00    0.00    0.00     3      0.00      0.00    4124    504   0.00     -1.00     -1.00     -1.00      0.00      0.00  /sbin/mingetty --nohangup /dev/tty4 
 1444145179       607    0.00    0.00    0.00    0.00     2      0.00      0.00   93844    600   0.00     -1.00     -1.00     -1.00      0.00      0.00  sshd: mark [priv] 
 1444145179       609    0.00    0.00    0.00    0.00     0      0.00      0.00   93844    504   0.00     -1.00     -1.00     -1.00      0.00      0.00  sshd: mark@pts/4  
 1444145179       610    0.00    0.00    0.00    0.00     1      0.00      0.00  108368    936   0.01      0.00      0.00      0.00      0.00      0.00  -bash 
 1444145179      6698    0.00    0.00    0.00    0.00     1      0.00      0.00   91772   4836   0.03     -1.00     -1.00     -1.00      0.00      0.00  sshd: mark [priv] 
 1444145179      6699    0.00    0.00    0.00    0.00     1      0.00      0.00   91772   4952   0.03     -1.00     -1.00     -1.00      0.00      0.00  sshd: mark [priv] 
 1444145179      6702    0.00    0.00    0.00    0.00     0      0.00      0.00   91772   3120   0.02     -1.00     -1.00     -1.00      0.00      0.00  sshd: mark@notty  
 1444145179      6703    0.00    0.00    0.00    0.00     0      0.00      0.00   91772   3108   0.02     -1.00     -1.00     -1.00      0.00      0.00  sshd: mark@notty  
 1444145179      6706    0.00    0.00    0.00    0.00     1      0.00      0.00  108232   1664   0.01      0.00      0.00      0.00      0.00      0.00  -bash 
 1444145179      6707    0.00    0.00    0.00    0.00     0      0.00      0.00  108232   1684   0.01      0.00      0.00      0.00      0.00      0.00  -bash 
 1444145179      6729    0.00    0.00    0.00    0.00     0      0.03      0.00  101036   1396   0.01      0.07      0.07      0.00      0.03      0.00  sar -o /tmp/pgxl-explain-example/load/pgxl1/sar_raw.out 60 
 1444145179      6730    0.00    0.00    0.00    0.00     2      0.50      0.05  101032   1584   0.01      3.93      0.40      0.00      0.62      0.00  sadc 60 -z -S ALL /tmp/pgxl-explain-example/load/pgxl1/sar_raw.out 
 1444145179      6732    0.00    0.00    0.00    0.00     0      2.12      0.00  101024   1580   0.01      0.13      0.13      0.00      0.17      0.08  pidstat -h -l -d -r -u -w 60 
 1444145179      6840    0.08    0.27    0.00    0.35     3      0.00      0.00  160448   4336   0.03      0.00      0.13      0.00      0.10      0.00  gtm_proxy -D /tmp/dbt3/pgdata/gtm_proxy.1 -s pgxl -t 6666 -l /tmp/pgxl-explain-example/load/gtm_proxy_1.log 
 1444145179      6860    0.00    0.00    0.00    0.00     3      1.20      0.00  684884  39632   0.24      3.20      0.00      0.00      0.22      0.03  /opt/pgxl/bin/postgres --datanode -D /tmp/dbt3/pgdata/datanode.1.1 -p 15433 -c pooler_port=25433 -c listen_addresses=* -c max_p
 1444145179      6862    0.00    0.00    0.00    0.00     1      0.00      0.00  684884   3140   0.02      0.00      0.00      0.00      0.03      0.00  postgres: pooler process                                                                                                       
 1444145179      6863    0.10    0.15    0.00    0.25     1      0.12      0.00  685672 215216   1.32      0.00    105.20      0.00     35.72      0.73  postgres: checkpointer process                                                                                                 
 1444145179      6864    0.00    0.00    0.00    0.00     3      0.00      0.00  684884   7708   0.05      0.00      0.00      0.00      1.48      0.02  postgres: writer process                                                                                                       
 1444145179      6865    0.05    0.85    0.00    0.90     0      0.00      0.00  684884  19984   0.12      0.00   9650.40      0.00    120.73      2.48  postgres: wal writer process                                                                                                   
 1444145179      6866    0.00    0.00    0.00    0.00     0      0.10      0.00  685468   6172   0.04      0.00      0.00      0.00      0.20      0.03  postgres: autovacuum launcher process                                                                                          
 1444145179      6867    0.00    0.00    0.00    0.00     0      0.20      0.00  118948   3264   0.02      0.00      1.40      0.00      2.52      0.00  postgres: stats collector process                                                                                              
 1444145179      6870    0.00    0.00    0.00    0.00     3      0.00      0.00  686260  10432   0.06      0.00      0.00      0.00      0.00      0.00  postgres: mark postgres 10.0.3.115(45350) idle                                                                                 
 1444145179      6871    0.00    0.00    0.00    0.00     3      0.00      0.00  701256 129316   0.79      0.00      0.00      0.00      0.00      0.00  postgres: mark dbt3 10.0.3.115(45356) idle                                                                                     
 1444145179      6872    0.00    0.00    0.00    0.00     3      0.00      0.00  701216 130364   0.80      0.00      0.00      0.00      0.00      0.00  postgres: mark dbt3 10.0.3.115(45402) idle                                                                                     
 1444145179      6873    0.00    0.00    0.00    0.00     1      0.00      0.00  686480  93820   0.57      0.00      0.00      0.00      0.00      0.00  postgres: mark dbt3 10.0.3.115(45411) idle                                                                                     

#      Time       PID    %usr %system  %guest    %CPU   CPU  minflt/s  majflt/s     VSZ    RSS   %MEM   kB_rd/s   kB_wr/s kB_ccwr/s   cswch/s nvcswch/s  Command
 1444145239         1    0.00    0.00    0.00    0.00     0      0.00      0.00   19292    508   0.00     -1.00     -1.00     -1.00      0.00      0.00  /sbin/init 
 1444145239        78    0.00    0.00    0.00    0.00     1      0.00      0.00    4124    492   0.00     -1.00     -1.00     -1.00      0.00      0.00  /sbin/mingetty --nohangup console 
 1444145239       241    0.00    0.00    0.00    0.00     0      0.00      0.00  245104     52   0.00     -1.00     -1.00     -1.00      0.00      0.00  /sbin/rsyslogd -i /var/run/syslogd.pid -c 5 
 1444145239       271    0.00    0.00    0.00    0.00     0      0.00      0.00   66276    456   0.00     -1.00     -1.00     -1.00      0.00      0.00  /usr/sbin/sshd 
 1444145239       290    0.00    0.00    0.00    0.00     0      0.00      0.00   82640    772   0.00     -1.00     -1.00     -1.00      0.20      0.05  sendmail: accepting connections
 1444145239       299    0.00    0.00    0.00    0.00     0      0.00      0.00   78236    604   0.00     -1.00     -1.00     -1.00      0.00      0.00  sendmail: Queue runner@01:00:00 for /var/spool/clientmqueue
 1444145239       309    0.00    0.00    0.00    0.00     1      0.07      0.12   20036    860   0.01     -1.00     -1.00     -1.00      0.15      0.00  crond 
 1444145239       321    0.00    0.00    0.00    0.00     3      0.00      0.00    4124    492   0.00     -1.00     -1.00     -1.00      0.00      0.00  /sbin/mingetty --nohangup /dev/tty1 
 1444145239       323    0.00    0.00    0.00    0.00     0      0.00      0.00    4124    480   0.00     -1.00     -1.00     -1.00      0.00      0.00  /sbin/mingetty --nohangup /dev/tty2 
 1444145239       325    0.00    0.00    0.00    0.00     2      0.00      0.00    4124    476   0.00     -1.00     -1.00     -1.00      0.00      0.00  /sbin/mingetty --nohangup /dev/tty3 
 1444145239       327    0.00    0.00    0.00    0.00     3      0.00      0.00    4124    480   0.00     -1.00     -1.00     -1.00      0.00      0.00  /sbin/mingetty --nohangup /dev/tty4 
 1444145239       607    0.00    0.00    0.00    0.00     2      0.00      0.00   93844    560   0.00     -1.00     -1.00     -1.00      0.00      0.00  sshd: mark [priv] 
 1444145239       609    0.00    0.00    0.00    0.00     0      0.00      0.00   93844    288   0.00     -1.00     -1.00     -1.00      0.00      0.00  sshd: mark@pts/4  
 1444145239       610    0.00    0.00    0.00    0.00     1      0.00      0.00  108368    608   0.00      0.00      0.00      0.00      0.00      0.00  -bash 
 1444145239      6698    0.00    0.00    0.00    0.00     1      0.00      0.00   91772   4004   0.02     -1.00     -1.00     -1.00      0.00      0.00  sshd: mark [priv] 
 1444145239      6699    0.00    0.00    0.00    0.00     1      0.00      0.00   91772   4124   0.03     -1.00     -1.00     -1.00      0.00      0.00  sshd: mark [priv] 
 1444145239      6702    0.00    0.00    0.00    0.00     0      0.00      0.00   91772   2236   0.01     -1.00     -1.00     -1.00      0.00      0.00  sshd: mark@notty  
 1444145239      6703    0.00    0.00    0.00    0.00     0      0.00      0.00   91772   2196   0.01     -1.00     -1.00     -1.00      0.00      0.00  sshd: mark@notty  
 1444145239      6706    0.00    0.00    0.00    0.00     1      0.00      0.00  108232   1336   0.01      0.00      0.00      0.00      0.00      0.00  -bash 
 1444145239      6707    0.00    0.00    0.00    0.00     0      0.00      0.00  108232   1352   0.01      0.00      0.00      0.00      0.00      0.00  -bash 
 1444145239      6729    0.00    0.00    0.00    0.00     0      0.00      0.00  101036   1284   0.01      0.00      0.00      0.00      0.00      0.00  sar -o /tmp/pgxl-explain-example/load/pgxl1/sar_raw.out 60 
 1444145239      6730    0.00    0.02    0.00    0.02     0      0.48      0.02  101032   1476   0.01      1.53      0.00      0.00      0.40      0.40  sadc 60 -z -S ALL /tmp/pgxl-explain-example/load/pgxl1/sar_raw.out 
 1444145239      6732    0.02    0.02    0.00    0.03     0      2.10      0.00  101024   1476   0.01      0.27      0.20      0.00      0.18      0.23  pidstat -h -l -d -r -u -w 60 
 1444145239      6840    0.07    0.25    0.00    0.32     0      0.03      0.03  160448   1696   0.01      0.27      0.13      0.00      0.10      0.00  gtm_proxy -D /tmp/dbt3/pgdata/gtm_proxy.1 -s pgxl -t 6666 -l /tmp/pgxl-explain-example/load/gtm_proxy_1.log 
 1444145239      6860    0.00    0.00    0.00    0.00     1      1.20      0.00  684884  36860   0.23      6.33    121.93      0.07      0.22      0.02  /opt/pgxl/bin/postgres --datanode -D /tmp/dbt3/pgdata/datanode.1.1 -p 15433 -c pooler_port=25433 -c listen_addresses=* -c max_p
 1444145239      6862    0.00    0.00    0.00    0.00     2      0.00      0.00  684884   2820   0.02      0.00      0.00      0.00      0.05      0.00  postgres: pooler process                                                                                                       
 1444145239      6863    0.00    0.00    0.00    0.00     1      0.00      0.00  685672 214908   1.32      0.00      0.00      0.00      0.00      0.00  postgres: checkpointer process                                                                                                 
 1444145239      6864    0.00    0.02    0.00    0.02     3      0.00      0.00  684884   7372   0.05      0.00      0.00      0.00      2.47      0.02  postgres: writer process                                                                                                       
 1444145239      6865    0.00    0.00    0.00    0.00     2      0.00      0.00  684884  19624   0.12      0.00      0.93      0.00      1.58      0.00  postgres: wal writer process                                                                                                   
 1444145239      6866    0.00    0.00    0.00    0.00     1      0.10      0.00  685468   5636   0.03      0.00      0.00      0.00      0.20      0.02  postgres: autovacuum launcher process                                                                                          
 1444145239      6867    0.00    0.00    0.00    0.00     3      0.20      0.00  118948   2980   0.02      1.47      1.40      0.00      2.65      0.02  postgres: stats collector process                                                                                              
 1444145239      6871    0.00    0.00    0.00    0.00     3      0.00      0.00  701256 128244   0.78      0.00      0.00      0.00      0.00      0.00  postgres: mark dbt3 10.0.3.115(45356) idle                                                                                     
 1444145239      6872   10.17    1.70    0.00   11.87     3    753.57      0.00  908068 328284   2.01   9250.60     33.67      0.00     25.03     33.08  postgres: mark dbt3 10.0.3.115(45402) CREATE INDEX                                                                             
 1444145239      6873    0.00    0.00    0.00    0.00     1      0.00      0.00  686480  92996   0.57      0.00      0.00      0.00      0.00      0.00  postgres: mark dbt3 10.0.3.115(45411) idle                                                                                     
 1444145239      6874   62.78    9.47    0.00   72.25     1   5561.53      0.02 1227916 628576   3.85   4373.67  33558.67      0.20    297.43    266.82  postgres: mark dbt3 10.0.3.115(45415) CREATE INDEX                                                                             

#      Time       PID    %usr %system  %guest    %CPU   CPU  minflt/s  majflt/s     VSZ    RSS   %MEM   kB_rd/s   kB_wr/s kB_ccwr/s   cswch/s nvcswch/s  Command
 1444145299         1    0.00    0.00    0.00    0.00     0      0.00      0.00   19292    280   0.00     -1.00     -1.00     -1.00      0.00      0.00  /sbin/init 
 1444145299        78    0.00    0.00    0.00    0.00     1      0.00      0.00    4124    252   0.00     -1.00     -1.00     -1.00      0.00      0.00  /sbin/mingetty --nohangup console 
 1444145299       241    0.00    0.00    0.00    0.00     0      0.00      0.00  245104      0   0.00     -1.00     -1.00     -1.00      0.00      0.00  /sbin/rsyslogd -i /var/run/syslogd.pid -c 5 
 1444145299       271    0.00    0.00    0.00    0.00     0      0.00      0.00   66276    260   0.00     -1.00     -1.00     -1.00      0.00      0.00  /usr/sbin/sshd 
 1444145299       290    0.00    0.00    0.00    0.00     0      0.00      0.02   82640    540   0.00     -1.00     -1.00     -1.00      0.22      0.17  sendmail: accepting connections
 1444145299       299    0.00    0.00    0.00    0.00     0      0.00      0.00   78236    396   0.00     -1.00     -1.00     -1.00      0.00      0.00  sendmail: Queue runner@01:00:00 for /var/spool/clientmqueue
 1444145299       309    0.00    0.00    0.00    0.00     1      0.08      0.08   20036    692   0.00     -1.00     -1.00     -1.00      0.12      0.03  crond 
 1444145299       321    0.00    0.00    0.00    0.00     3      0.00      0.00    4124    252   0.00     -1.00     -1.00     -1.00      0.00      0.00  /sbin/mingetty --nohangup /dev/tty1 
 1444145299       323    0.00    0.00    0.00    0.00     0      0.00      0.00    4124    248   0.00     -1.00     -1.00     -1.00      0.00      0.00  /sbin/mingetty --nohangup /dev/tty2 
 1444145299       325    0.00    0.00    0.00    0.00     2      0.00      0.00    4124    248   0.00     -1.00     -1.00     -1.00      0.00      0.00  /sbin/mingetty --nohangup /dev/tty3 
 1444145299       327    0.00    0.00    0.00    0.00     3      0.00      0.00    4124    244   0.00     -1.00     -1.00     -1.00      0.00      0.00  /sbin/mingetty --nohangup /dev/tty4 
 1444145299       607    0.00    0.00    0.00    0.00     2      0.00      0.00   93844    292   0.00     -1.00     -1.00     -1.00      0.00      0.00  sshd: mark [priv] 
 1444145299       609    0.00    0.00    0.00    0.00     0      0.00      0.00   93844    120   0.00     -1.00     -1.00     -1.00      0.00      0.00  sshd: mark@pts/4  
 1444145299       610    0.00    0.00    0.00    0.00     1      0.00      0.00  108368    296   0.00      0.00      0.00      0.00      0.00      0.00  -bash 
 1444145299      6698    0.00    0.00    0.00    0.00     1      0.00      0.00   91772    912   0.01     -1.00     -1.00     -1.00      0.00      0.00  sshd: mark [priv] 
 1444145299      6699    0.00    0.00    0.00    0.00     1      0.00      0.00   91772    940   0.01     -1.00     -1.00     -1.00      0.00      0.00  sshd: mark [priv] 
 1444145299      6702    0.00    0.00    0.00    0.00     0      0.00      0.00   91772    736   0.00     -1.00     -1.00     -1.00      0.00      0.00  sshd: mark@notty  
 1444145299      6703    0.00    0.00    0.00    0.00     0      0.00      0.00   91772    692   0.00     -1.00     -1.00     -1.00      0.00      0.00  sshd: mark@notty  
 1444145299      6706    0.00    0.00    0.00    0.00     1      0.00      0.00  108232    336   0.00      0.00      0.00      0.00      0.00      0.00  -bash 
 1444145299      6707    0.00    0.00    0.00    0.00     0      0.00      0.00  108232    336   0.00      0.00      0.00      0.00      0.00      0.00  -bash 
 1444145299      6729    0.00    0.00    0.00    0.00     0      0.02      0.00  101036    276   0.00      0.07      0.07      0.00      0.03      0.00  sar -o /tmp/pgxl-explain-example/load/pgxl1/sar_raw.out 60 
 1444145299      6730    0.00    0.00    0.00    0.00     0      0.12      0.03  101036    688   0.00      3.73      0.33      0.00      0.37      0.05  sadc 60 -z -S ALL /tmp/pgxl-explain-example/load/pgxl1/sar_raw.out 
 1444145299      6732    0.00    0.00    0.00    0.00     0      2.20      0.00  101024    808   0.00      0.13      0.20      0.00      0.18      0.03  pidstat -h -l -d -r -u -w 60 
 1444145299      6840    0.05    0.25    0.00    0.30     1      0.00      0.05  160448    744   0.00      2.20      0.13      0.00      0.08      0.00  gtm_proxy -D /tmp/dbt3/pgdata/gtm_proxy.1 -s pgxl -t 6666 -l /tmp/pgxl-explain-example/load/gtm_proxy_1.log 
 1444145299      6860    0.00    0.00    0.00    0.00     3      1.22      0.00  684884  31088   0.19     30.87    576.87      0.07      0.17      0.02  /opt/pgxl/bin/postgres --datanode -D /tmp/dbt3/pgdata/datanode.1.1 -p 15433 -c pooler_port=25433 -c listen_addresses=* -c max_p
 1444145299      6862    0.00    0.00    0.00    0.00     2      0.00      0.00  684884   1660   0.01      0.00      0.00      0.00      0.03      0.00  postgres: pooler process                                                                                                       
 1444145299      6863    0.00    0.00    0.00    0.00     1      0.00      0.00  685672 186992   1.14      0.00      0.00      0.00      0.00      0.00  postgres: checkpointer process                                                                                                 
 1444145299      6864    0.02    0.00    0.00    0.02     3      0.00      0.00  684884   6272   0.04      0.00      0.00      0.00      2.90      0.08  postgres: writer process                                                                                                       
 1444145299      6865    0.00    0.00    0.00    0.00     1      0.00      0.00  684884  18464   0.11      0.00      0.00      0.00      0.22      0.02  postgres: wal writer process                                                                                                   
 1444145299      6866    0.00    0.00    0.00    0.00     2      0.12      0.00  685468   4464   0.03      0.07      0.00      0.00      0.22      0.02  postgres: autovacuum launcher process                                                                                          
 1444145299      6867    0.00    0.00    0.00    0.00     2      0.20      0.00  118948   2072   0.01      0.00      1.40      0.00      3.02      0.03  postgres: stats collector process                                                                                              
 1444145299      6871    0.00    0.00    0.00    0.00     3      0.00      0.00  701256 102248   0.63      0.00      0.00      0.00      0.00      0.00  postgres: mark dbt3 10.0.3.115(45356) idle                                                                                     
 1444145299      6872   16.50    2.75    0.00   19.25     2    946.43      0.20  736032 207520   1.27  23376.67   3041.33      0.07     37.60     55.88  postgres: mark dbt3 10.0.3.115(45402) idle                                                                                     
 1444145299      6873    0.00    0.00    0.00    0.00     1      0.00      0.00  686480  72912   0.45      0.00      0.00      0.00      0.00      0.00  postgres: mark dbt3 10.0.3.115(45411) idle                                                                                     
 1444145299      6874   32.03    1.33    0.00   33.37     2      0.73      0.00 1227916 627344   3.84   1278.87   4083.47      0.00      3.43    115.67  postgres: mark dbt3 10.0.3.115(45415) CREATE INDEX                                                                             

#      Time       PID    %usr %system  %guest    %CPU   CPU  minflt/s  majflt/s     VSZ    RSS   %MEM   kB_rd/s   kB_wr/s kB_ccwr/s   cswch/s nvcswch/s  Command
 1444145359       290    0.00    0.00    0.00    0.00     1      0.00      0.00   82640    484   0.00     -1.00     -1.00     -1.00      0.20      0.03  sendmail: accepting connections
 1444145359       309    0.00    0.00    0.00    0.00     1      0.05      0.00   20036    692   0.00     -1.00     -1.00     -1.00      0.02      0.02  crond 
 1444145359       609    0.00    0.00    0.00    0.00     1      0.17      0.02   93844    120   0.00     -1.00     -1.00     -1.00      0.03      0.00  sshd: mark@pts/4  
 1444145359      6698    0.00    0.00    0.00    0.00     1      0.00      0.00   91772    904   0.01     -1.00     -1.00     -1.00      0.00      0.00  sshd: mark [priv] 
 1444145359      6699    0.00    0.00    0.00    0.00     1      0.00      0.00   91772    928   0.01     -1.00     -1.00     -1.00      0.00      0.00  sshd: mark [priv] 
 1444145359      6702    0.00    0.00    0.00    0.00     0      0.23      0.07   91772    724   0.00     -1.00     -1.00     -1.00      0.20      0.02  sshd: mark@notty  
 1444145359      6703    0.00    0.00    0.00    0.00     0      0.20      0.10   91772    688   0.00     -1.00     -1.00     -1.00      0.20      0.02  sshd: mark@notty  
 1444145359      6729    0.00    0.00    0.00    0.00     1      0.12      0.00  101036    276   0.00      0.07      0.13      0.00      0.05      0.00  sar -o /tmp/pgxl-explain-example/load/pgxl1/sar_raw.out 60 
 1444145359      6730    0.00    0.00    0.00    0.00     0      0.98      0.00  101032    780   0.00      1.00      0.80      0.00      0.78      0.20  sadc 60 -z -S ALL /tmp/pgxl-explain-example/load/pgxl1/sar_raw.out 
 1444145359      6732    0.00    0.00    0.00    0.00     0      2.12      0.00  101024    860   0.01      0.20      0.20      0.00      0.17      0.00  pidstat -h -l -d -r -u -w 60 
 1444145359      6840    0.03    0.28    0.00    0.32     2      0.00      0.00  160448    716   0.00      0.07      0.13      0.00      0.12      0.00  gtm_proxy -D /tmp/dbt3/pgdata/gtm_proxy.1 -s pgxl -t 6666 -l /tmp/pgxl-explain-example/load/gtm_proxy_1.log 
 1444145359      6860    0.00    0.02    0.00    0.02     2      1.20      0.00  684884  31076   0.19      3.40      0.00      0.00      0.20      0.00  /opt/pgxl/bin/postgres --datanode -D /tmp/dbt3/pgdata/datanode.1.1 -p 15433 -c pooler_port=25433 -c listen_addresses=* -c max_p
 1444145359      6862    0.00    0.00    0.00    0.00     2      0.00      0.00  684884   1660   0.01      0.00      0.00      0.00      0.03      0.00  postgres: pooler process                                                                                                       
 1444145359      6863    0.00    0.00    0.00    0.00     1      0.00      0.00  685672 168520   1.03      0.00      0.00      0.00      0.00      0.00  postgres: checkpointer process                                                                                                 
 1444145359      6864    0.00    0.00    0.00    0.00     2      0.00      0.00  684884   6272   0.04      0.00      0.00      0.00      0.63      0.00  postgres: writer process                                                                                                       
 1444145359      6865    0.00    0.00    0.00    0.00     1      0.00      0.00  684884  18464   0.11      0.00      0.00      0.00      0.22      0.00  postgres: wal writer process                                                                                                   
 1444145359      6866    0.00    0.00    0.00    0.00     3      0.10      0.00  685468   4460   0.03      0.00      0.00      0.00      0.20      0.00  postgres: autovacuum launcher process                                                                                          
 1444145359      6867    0.00    0.00    0.00    0.00     2      0.20      0.00  118948   2072   0.01      0.00      1.40      0.00      0.92      0.02  postgres: stats collector process                                                                                              
 1444145359      6871    0.00    0.00    0.00    0.00     3      0.00      0.00  701256  87872   0.54      0.00      0.00      0.00      0.00      0.00  postgres: mark dbt3 10.0.3.115(45356) idle                                                                                     
 1444145359      6872    0.00    0.00    0.00    0.00     2      0.00      0.00  736032 194664   1.19      0.00      0.00      0.00      0.00      0.00  postgres: mark dbt3 10.0.3.115(45402) idle                                                                                     
 1444145359      6873    0.00    0.00    0.00    0.00     1      0.00      0.00  686480  63024   0.39      0.00      0.00      0.00      0.00      0.00  postgres: mark dbt3 10.0.3.115(45411) idle                                                                                     
 1444145359      6874   36.63    1.75    0.00   38.38     0      2.20      0.02 1227916 631532   3.86   1200.33   4734.00      0.00      8.88    114.75  postgres: mark dbt3 10.0.3.115(45415) CREATE INDEX                                                                             

#      Time       PID    %usr %system  %guest    %CPU   CPU  minflt/s  majflt/s     VSZ    RSS   %MEM   kB_rd/s   kB_wr/s kB_ccwr/s   cswch/s nvcswch/s  Command
 1444145419       241    0.00    0.00    0.00    0.00     0      0.12      0.10  245104    748   0.00     -1.00     -1.00     -1.00      0.00      0.00  /sbin/rsyslogd -i /var/run/syslogd.pid -c 5 
 1444145419       290    0.00    0.02    0.00    0.02     3      0.00      0.00   82640    484   0.00     -1.00     -1.00     -1.00      0.20      0.10  sendmail: accepting connections
 1444145419       309    0.00    0.00    0.00    0.00     1      0.18      0.00   20036    692   0.00     -1.00     -1.00     -1.00      0.03      0.02  crond 
 1444145419      6730    0.00    0.00    0.00    0.00     2      0.50      0.00  101032    780   0.00      0.47      0.33      0.00      0.53      0.03  sadc 60 -z -S ALL /tmp/pgxl-explain-example/load/pgxl1/sar_raw.out 
 1444145419      6732    0.00    0.00    0.00    0.00     1      2.08      0.00  101024    860   0.01      0.13      0.13      0.00      0.17      0.05  pidstat -h -l -d -r -u -w 60 
 1444145419      6840    0.12    0.20    0.00    0.32     3      0.00      0.20  160432    984   0.01      0.80      0.07      0.00      0.22      0.00  gtm_proxy -D /tmp/dbt3/pgdata/gtm_proxy.1 -s pgxl -t 6666 -l /tmp/pgxl-explain-example/load/gtm_proxy_1.log 
 1444145419      6860    0.00    0.00    0.00    0.00     2      1.20      0.00  684884  31076   0.19    332.20  28387.27      0.67      0.27      0.02  /opt/pgxl/bin/postgres --datanode -D /tmp/dbt3/pgdata/datanode.1.1 -p 15433 -c pooler_port=25433 -c listen_addresses=* -c max_p
 1444145419      6862    0.00    0.00    0.00    0.00     2      0.00      0.00  684884   1660   0.01      0.00      0.00      0.00      0.03      0.00  postgres: pooler process                                                                                                       
 1444145419      6863    0.00    0.00    0.00    0.00     1      0.00      0.00  685672 168136   1.03      0.00      0.00      0.00      0.00      0.00  postgres: checkpointer process                                                                                                 
 1444145419      6864    0.00    0.00    0.00    0.00     3      0.00      0.00  684884   6272   0.04      0.00      0.00      0.00      0.77      0.00  postgres: writer process                                                                                                       
 1444145419      6865    0.00    0.00    0.00    0.00     1      0.00      0.00  684884  18464   0.11      0.00      0.00      0.00      0.20      0.02  postgres: wal writer process                                                                                                   
 1444145419      6866    0.00    0.00    0.00    0.00     2      0.10      0.00  685468   4460   0.03      0.00      0.00      0.00      0.20      0.02  postgres: autovacuum launcher process                                                                                          
 1444145419      6867    0.00    0.00    0.00    0.00     3      0.20      0.00  118948   2072   0.01      0.00      1.40      0.00      1.38      0.00  postgres: stats collector process                                                                                              
 1444145419      6871    0.00    0.00    0.00    0.00     3      0.00      0.00  701256  87488   0.54      0.00      0.00      0.00      0.00      0.00  postgres: mark dbt3 10.0.3.115(45356) idle                                                                                     
 1444145419      6872    0.00    0.00    0.00    0.00     2      0.00      0.00  736032 194280   1.19      0.00      0.00      0.00      0.00      0.00  postgres: mark dbt3 10.0.3.115(45402) idle                                                                                     
 1444145419      6874   82.10    4.82    0.00   86.92     2     15.32      0.03 1227916 673068   4.12   9487.40  25359.93      0.00     15.32    232.18  postgres: mark dbt3 10.0.3.115(45415) CREATE INDEX                                                                             
 1444145419      6875  279.40   27.40    0.00  306.80     0   9621.08      0.00  700540 109300   0.67  54239.60 162272.87      0.20   1565.87   1111.17  postgres: mark dbt3 10.0.3.115(45419) idle                                                                                     
