Linux 3.16.0-38-generic (pgxl2) 	10/06/2015 	_x86_64_	(4 CPU)

#      Time       PID    %usr %system  %guest    %CPU   CPU  minflt/s  majflt/s     VSZ    RSS   %MEM   kB_rd/s   kB_wr/s kB_ccwr/s   cswch/s nvcswch/s  Command
 1444145546       290    0.00    0.00    0.00    0.00     0      0.00      0.00   82636    492   0.00     -1.00     -1.00     -1.00      0.00      0.00  sendmail: accepting connections
 1444145546       309    0.00    0.00    0.00    0.00     1      0.00      0.00   20040    528   0.00     -1.00     -1.00     -1.00      0.00      0.00  crond 
 1444145546      6513    0.00    0.00    0.00    0.00     2      0.00      0.00  160284   4488   0.03      0.00      0.00      0.00      0.00      0.00  gtm_proxy -D /tmp/dbt3/pgdata/gtm_proxy.2 -s pgxl -t 6666 -l /tmp/pgxl-explain-example/power/gtm_proxy_2.log 
 1444145546      6533    0.00    0.00    0.00    0.00     1      0.00      0.00  683656  39084   0.24      0.00      0.00      0.00      0.00      0.00  /opt/pgxl/bin/postgres --datanode -D /tmp/dbt3/pgdata/datanode.2.1 -p 15433 -c pooler_port=25433 -c listen_addresses=* -c share
 1444145546      6535    0.00    0.00    0.00    0.00     0      0.00      0.00  683788   4716   0.03      0.00      0.00      0.00      0.00      0.00  postgres: pooler process                                                                                                       
 1444145546      6536    0.00    0.00    0.00    0.00     1      0.00      0.00  683824  80560   0.49      0.00      0.00      0.00      0.00      0.00  postgres: checkpointer process                                                                                                 
 1444145546      6537    0.00    0.00    0.00    0.00     0      0.00      0.00  683656  87216   0.53      0.00      0.00      0.00      0.00      0.00  postgres: writer process                                                                                                       
 1444145546      6538    0.00    0.00    0.00    0.00     2      0.00      0.00  683656  18264   0.11      0.00      0.00      0.00      0.00      0.00  postgres: wal writer process                                                                                                   
 1444145546      6539    0.00    0.00    0.00    0.00     1      0.00      0.00  684256   6764   0.04      0.00      0.00      0.00      0.00      0.00  postgres: autovacuum launcher process                                                                                          
 1444145546      6540    0.00    0.00    0.00    0.00     0      0.00      0.00  118944   3332   0.02      0.00      0.00      0.00      0.00      0.00  postgres: stats collector process                                                                                              
 1444145546      6547    0.00    0.00    0.00    0.00     2      0.00      0.00  746164 622264   3.81      0.00      0.00      0.00      0.00      0.00  postgres: mark dbt3 10.0.3.115(40088) REMOTE SUBPLAN                                                                           
 1444145546      6573    0.00    0.00    0.00    0.00     2      0.00      0.00  101036   1772   0.01      0.00      0.00      0.00      0.00      0.00  sar -o /tmp/pgxl-explain-example/power/pgxl2/sar_raw.out 60 
 1444145546      6574    0.00    0.00    0.00    0.00     2      0.00      0.00  101032   1756   0.01      0.00      0.00      0.00      0.00      0.00  sadc 60 -z -S ALL /tmp/pgxl-explain-example/power/pgxl2/sar_raw.out 
 1444145546      6581    0.00    0.00    0.00    0.00     0      0.00      0.00  101024   1952   0.01      0.00      0.00      0.00      0.00      0.00  pidstat -h -l -d -r -u -w 60 
 1444145546      6583    0.00    0.00    0.00    0.00     1      0.00      0.00  702804 211760   1.30      0.00      0.00      0.00      0.00      0.00  postgres: mark dbt3 127.0.0.1(34389) REMOTE SUBPLAN                                                                            
 1444145546      6584    0.00    0.00    0.00    0.00     1      0.00      0.00  687220 546968   3.35      0.00      0.00      0.00      0.00      0.00  postgres: mark dbt3 10.0.3.116(56047) REMOTE SUBPLAN                                                                           
 1444145546      6586    0.00    0.00    0.00    0.00     3      0.00      0.00  715152 574728   3.52      0.00      0.00      0.00      0.00      0.00  postgres: mark dbt3 127.0.0.1(34418) REMOTE SUBPLAN                                                                            
 1444145546      6587    0.00    0.00    0.00    0.00     1      0.00      0.00  684896  13452   0.08      0.00      0.00      0.00      0.00      0.00  postgres: mark dbt3 10.0.3.116(56076) REMOTE SUBPLAN                                                                           

#      Time       PID    %usr %system  %guest    %CPU   CPU  minflt/s  majflt/s     VSZ    RSS   %MEM   kB_rd/s   kB_wr/s kB_ccwr/s   cswch/s nvcswch/s  Command
 1444145606         1    0.00    0.00    0.00    0.00     1      0.00      0.00   19292    620   0.00     -1.00     -1.00     -1.00      0.00      0.00  /sbin/init 
 1444145606        78    0.00    0.00    0.00    0.00     3      0.00      0.00    4124    240   0.00     -1.00     -1.00     -1.00      0.00      0.00  /sbin/mingetty --nohangup console 
 1444145606       241    0.00    0.00    0.00    0.00     3      0.00      0.00  245104    632   0.00     -1.00     -1.00     -1.00      0.00      0.00  /sbin/rsyslogd -i /var/run/syslogd.pid -c 5 
 1444145606       271    0.00    0.00    0.00    0.00     1      0.00      0.00   66276    756   0.00     -1.00     -1.00     -1.00      0.00      0.00  /usr/sbin/sshd 
 1444145606       290    0.00    0.00    0.00    0.00     2      0.00      0.00   82636    476   0.00     -1.00     -1.00     -1.00      0.20      0.07  sendmail: accepting connections
 1444145606       299    0.00    0.00    0.00    0.00     3      0.00      0.00   78240    392   0.00     -1.00     -1.00     -1.00      0.00      0.00  sendmail: Queue runner@01:00:00 for /var/spool/clientmqueue
 1444145606       309    0.00    0.00    0.00    0.00     1      0.05      0.00   20040    528   0.00     -1.00     -1.00     -1.00      0.02      0.00  crond 
 1444145606       321    0.00    0.00    0.00    0.00     0      0.00      0.00    4124    240   0.00     -1.00     -1.00     -1.00      0.00      0.00  /sbin/mingetty --nohangup /dev/tty1 
 1444145606       323    0.00    0.00    0.00    0.00     0      0.00      0.00    4124    240   0.00     -1.00     -1.00     -1.00      0.00      0.00  /sbin/mingetty --nohangup /dev/tty2 
 1444145606       325    0.00    0.00    0.00    0.00     3      0.00      0.00    4124    240   0.00     -1.00     -1.00     -1.00      0.00      0.00  /sbin/mingetty --nohangup /dev/tty3 
 1444145606       327    0.00    0.00    0.00    0.00     2      0.00      0.00    4124    240   0.00     -1.00     -1.00     -1.00      0.00      0.00  /sbin/mingetty --nohangup /dev/tty4 
 1444145606       572    0.00    0.00    0.00    0.00     1      0.00      0.00   93844    288   0.00     -1.00     -1.00     -1.00      0.00      0.00  sshd: mark [priv] 
 1444145606       574    0.00    0.00    0.00    0.00     0      0.00      0.00   93844    136   0.00     -1.00     -1.00     -1.00      0.02      0.00  sshd: mark@pts/4  
 1444145606       575    0.00    0.00    0.00    0.00     1      0.00      0.00  108368    280   0.00      0.00      0.00      0.00      0.00      0.00  -bash 
 1444145606      6513    0.08    0.17    0.00    0.25     0      0.00      0.02  160284   4152   0.03      0.07      0.07      0.00      0.15      0.00  gtm_proxy -D /tmp/dbt3/pgdata/gtm_proxy.2 -s pgxl -t 6666 -l /tmp/pgxl-explain-example/power/gtm_proxy_2.log 
 1444145606      6533    0.00    0.02    0.00    0.02     2      1.58      0.00  683656  39084   0.24  28745.87  11265.80      0.73      0.32      0.00  /opt/pgxl/bin/postgres --datanode -D /tmp/dbt3/pgdata/datanode.2.1 -p 15433 -c pooler_port=25433 -c listen_addresses=* -c share
 1444145606      6535    0.00    0.00    0.00    0.00     0      0.00      0.00  683788   4716   0.03      0.00      0.00      0.00      0.15      0.00  postgres: pooler process                                                                                                       
 1444145606      6537    0.03    0.05    0.00    0.08     0      3.52      0.00  683656  99888   0.61      0.00     27.47      0.00      5.00      0.28  postgres: writer process                                                                                                       
 1444145606      6538    0.00    0.00    0.00    0.00     0      0.00      0.00  683656  18264   0.11      0.00      0.27      0.00      1.90      0.00  postgres: wal writer process                                                                                                   
 1444145606      6539    0.00    0.00    0.00    0.00     2      0.33      0.00  684256   7180   0.04      0.00      0.00      0.00      0.20      0.03  postgres: autovacuum launcher process                                                                                          
 1444145606      6540    0.00    0.02    0.00    0.02     1      0.17      0.00  118944   3332   0.02      0.00      1.07      0.00      5.80      0.05  postgres: stats collector process                                                                                              
 1444145606      6573    0.00    0.00    0.00    0.00     2      0.00      0.00  101036   1772   0.01      0.00      0.07      0.00      0.02      0.00  sar -o /tmp/pgxl-explain-example/power/pgxl2/sar_raw.out 60 
 1444145606      6574    0.00    0.00    0.00    0.00     0      0.50      0.00  101032   1756   0.01      0.47      0.40      0.00      0.53      0.02  sadc 60 -z -S ALL /tmp/pgxl-explain-example/power/pgxl2/sar_raw.out 
 1444145606      6581    0.00    0.00    0.00    0.00     3      2.08      0.00  101024   1952   0.01      1.60      0.13      0.00      0.27      0.03  pidstat -h -l -d -r -u -w 60 
 1444145606      6586   42.63    5.23    0.00   47.87     1    149.90      0.00  685180 545160   3.34  11788.00      0.27      0.00   1101.48   1632.03  postgres: mark dbt3 127.0.0.1(34418) idle                                                                                      
 1444145606      6587   27.10    5.67    0.00   32.77     2   1803.33      0.00  685164 528952   3.24   5212.60      0.00      0.00  12526.53    116.78  postgres: mark dbt3 10.0.3.116(56076) idle                                                                                     
 1444145606      6597    3.95    1.82    0.00    5.77     1   1968.75      0.00  729964 584248   3.58   9932.47      1.27      0.07    923.55      3.95  postgres: mark dbt3 10.0.3.115(40273) REMOTE SUBPLAN                                                                           

#      Time       PID    %usr %system  %guest    %CPU   CPU  minflt/s  majflt/s     VSZ    RSS   %MEM   kB_rd/s   kB_wr/s kB_ccwr/s   cswch/s nvcswch/s  Command
 1444145666         1    0.00    0.00    0.00    0.00     1      0.00      0.02   19292    428   0.00     -1.00     -1.00     -1.00      0.00      0.00  /sbin/init 
 1444145666        78    0.00    0.00    0.00    0.00     3      0.00      0.02    4124    244   0.00     -1.00     -1.00     -1.00      0.00      0.00  /sbin/mingetty --nohangup console 
 1444145666       241    0.00    0.00    0.00    0.00     3      0.00      0.02  245104    236   0.00     -1.00     -1.00     -1.00      0.00      0.00  /sbin/rsyslogd -i /var/run/syslogd.pid -c 5 
 1444145666       271    0.00    0.00    0.00    0.00     1      0.02      0.00   66276    412   0.00     -1.00     -1.00     -1.00      0.00      0.00  /usr/sbin/sshd 
 1444145666       290    0.00    0.00    0.00    0.00     0      0.00      0.07   82636    476   0.00     -1.00     -1.00     -1.00      0.27      0.03  sendmail: accepting connections
 1444145666       299    0.00    0.00    0.00    0.00     3      0.00      0.02   78240    396   0.00     -1.00     -1.00     -1.00      0.00      0.00  sendmail: Queue runner@01:00:00 for /var/spool/clientmqueue
 1444145666       309    0.00    0.00    0.00    0.00     0      0.05      0.00   20040    528   0.00     -1.00     -1.00     -1.00      0.02      0.00  crond 
 1444145666       321    0.00    0.00    0.00    0.00     0      0.00      0.02    4124    244   0.00     -1.00     -1.00     -1.00      0.00      0.00  /sbin/mingetty --nohangup /dev/tty1 
 1444145666       323    0.00    0.00    0.00    0.00     0      0.02      0.00    4124    244   0.00     -1.00     -1.00     -1.00      0.00      0.00  /sbin/mingetty --nohangup /dev/tty2 
 1444145666       325    0.00    0.00    0.00    0.00     3      0.00      0.02    4124    244   0.00     -1.00     -1.00     -1.00      0.00      0.00  /sbin/mingetty --nohangup /dev/tty3 
 1444145666       327    0.00    0.00    0.00    0.00     2      0.02      0.00    4124    244   0.00     -1.00     -1.00     -1.00      0.00      0.00  /sbin/mingetty --nohangup /dev/tty4 
 1444145666       572    0.00    0.00    0.00    0.00     1      0.02      0.00   93844    292   0.00     -1.00     -1.00     -1.00      0.00      0.00  sshd: mark [priv] 
 1444145666       574    0.00    0.00    0.00    0.00     0      0.02      0.00   93844     36   0.00     -1.00     -1.00     -1.00      0.00      0.00  sshd: mark@pts/4  
 1444145666       575    0.00    0.00    0.00    0.00     1      0.00      0.02  108368    284   0.00      0.00      0.00      0.00      0.00      0.00  -bash 
 1444145666      6513    0.10    0.18    0.00    0.28     3      0.18      0.03  160284   2008   0.01      0.13      0.13      0.00      0.22      0.00  gtm_proxy -D /tmp/dbt3/pgdata/gtm_proxy.2 -s pgxl -t 6666 -l /tmp/pgxl-explain-example/power/gtm_proxy_2.log 
 1444145666      6533    0.00    0.00    0.00    0.00     0      2.27      0.00  683656  27652   0.17  62924.60     88.73      0.20      0.37      0.00  /opt/pgxl/bin/postgres --datanode -D /tmp/dbt3/pgdata/datanode.2.1 -p 15433 -c pooler_port=25433 -c listen_addresses=* -c share
 1444145666      6535    0.00    0.00    0.00    0.00     0      0.32      0.17  683928   4660   0.03      0.67      0.00      0.00      0.40      0.03  postgres: pooler process                                                                                                       
 1444145666      6536    0.00    0.00    0.00    0.00     1      0.00      0.00  683824  80268   0.49      0.00      0.00      0.00      0.00      0.00  postgres: checkpointer process                                                                                                 
 1444145666      6537    0.03    0.00    0.00    0.03     2      0.75      0.07  683656 103244   0.63      1.20     10.00      0.00      4.43      0.08  postgres: writer process                                                                                                       
 1444145666      6538    0.02    0.00    0.00    0.02     1      0.00      0.00  683656   6940   0.04      0.00      0.13      0.00      1.05      0.02  postgres: wal writer process                                                                                                   
 1444145666      6539    0.00    0.00    0.00    0.00     2      0.18      0.02  684256   7132   0.04      0.13      0.00      0.00      0.22      0.02  postgres: autovacuum launcher process                                                                                          
 1444145666      6540    0.00    0.00    0.00    0.00     2      0.17      0.00  118944   3228   0.02      0.00      1.07      0.00      3.53      0.05  postgres: stats collector process                                                                                              
 1444145666      6542    0.00    0.00    0.00    0.00     2      0.00      0.00   91772   4872   0.03     -1.00     -1.00     -1.00      0.00      0.00  sshd: mark [priv] 
 1444145666      6544    0.00    0.00    0.00    0.00     2      0.00      0.00   91772   4632   0.03     -1.00     -1.00     -1.00      0.00      0.00  sshd: mark [priv] 
 1444145666      6546    0.00    0.00    0.00    0.00     2      0.00      0.00   91772   1984   0.01     -1.00     -1.00     -1.00      0.00      0.00  sshd: mark@notty  
 1444145666      6548    0.00    0.00    0.00    0.00     2      0.00      0.00   91772   2096   0.01     -1.00     -1.00     -1.00      0.00      0.00  sshd: mark@notty  
 1444145666      6554    0.00    0.00    0.00    0.00     0      0.00      0.00  108232   2452   0.02      0.00      0.00      0.00      0.00      0.00  -bash 
 1444145666      6560    0.00    0.00    0.00    0.00     0      0.00      0.00  108232   2428   0.01      0.00      0.00      0.00      0.00      0.00  -bash 
 1444145666      6573    0.00    0.00    0.00    0.00     0      0.02      0.05  101036   1444   0.01      0.47      0.07      0.00      0.08      0.02  sar -o /tmp/pgxl-explain-example/power/pgxl2/sar_raw.out 60 
 1444145666      6574    0.00    0.00    0.00    0.00     0      0.50      0.00  101032   1504   0.01      0.53      0.33      0.00      0.55      0.05  sadc 60 -z -S ALL /tmp/pgxl-explain-example/power/pgxl2/sar_raw.out 
 1444145666      6581    0.00    0.02    0.00    0.02     0      2.02      0.00  101024   1696   0.01      0.07      0.13      0.00      0.20      0.12  pidstat -h -l -d -r -u -w 60 
 1444145666      6586    0.83    0.27    0.00    1.10     1      3.42      0.00  686168 546016   3.34    131.40      0.00      0.00    108.42     16.92  postgres: mark dbt3 127.0.0.1(34418) REMOTE SUBPLAN                                                                            
 1444145666      6587    0.67    0.48    0.00    1.15     0     22.32      0.00  685164 535260   3.28    533.53      0.00      0.00    130.43      9.72  postgres: mark dbt3 10.0.3.116(56076) REMOTE SUBPLAN                                                                           
 1444145666      6607    0.68    0.10    0.00    0.78     3     59.22      0.00  684980  62896   0.38     30.53      0.00      0.00     37.92      2.32  postgres: mark dbt3 127.0.0.1(34579) idle                                                                                      
 1444145666      6608    0.67    0.13    0.00    0.80     2     52.57      0.00  684964  62256   0.38     33.00      0.00      0.00     37.73      2.70  postgres: mark dbt3 10.0.3.116(56237) idle                                                                                     
 1444145666      6609    1.02    0.28    0.00    1.30     1    654.05      0.00  684980 232696   1.42    528.33      0.00      0.00     99.45      5.53  postgres: mark dbt3 127.0.0.1(34587) REMOTE SUBPLAN                                                                            
 1444145666      6610    0.73    0.22    0.00    0.95     2     64.22      0.00  684980  69488   0.43     25.80      0.00      0.00    197.30      3.27  postgres: mark dbt3 10.0.3.116(56245) REMOTE SUBPLAN                                                                           
 1444145666      6612    4.02    1.05    0.00    5.07     1   2404.08      0.08  749824 599412   3.67   5263.87      0.47      0.07     29.58      4.98  postgres: mark dbt3 10.0.3.115(40370) REMOTE SUBPLAN                                                                           

#      Time       PID    %usr %system  %guest    %CPU   CPU  minflt/s  majflt/s     VSZ    RSS   %MEM   kB_rd/s   kB_wr/s kB_ccwr/s   cswch/s nvcswch/s  Command
 1444145726         1    0.00    0.00    0.00    0.00     1      0.00      0.00   19292    308   0.00     -1.00     -1.00     -1.00      0.00      0.00  /sbin/init 
 1444145726       271    0.00    0.00    0.00    0.00     1      0.00      0.00   66276    264   0.00     -1.00     -1.00     -1.00      0.00      0.00  /usr/sbin/sshd 
 1444145726       290    0.00    0.00    0.00    0.00     0      0.00      0.00   82636    476   0.00     -1.00     -1.00     -1.00      0.20      0.08  sendmail: accepting connections
 1444145726       309    0.00    0.00    0.00    0.00     3      0.18      0.32   20040    552   0.00     -1.00     -1.00     -1.00      0.35      0.00  crond 
 1444145726       574    0.00    0.00    0.00    0.00     0      0.00      0.00   93844      4   0.00     -1.00     -1.00     -1.00      0.00      0.00  sshd: mark@pts/4  
 1444145726      6513    0.10    0.18    0.00    0.28     1      0.03      0.00  160284   1904   0.01      0.07      0.07      0.00      0.13      0.00  gtm_proxy -D /tmp/dbt3/pgdata/gtm_proxy.2 -s pgxl -t 6666 -l /tmp/pgxl-explain-example/power/gtm_proxy_2.log 
 1444145726      6533    0.00    0.00    0.00    0.00     2      1.40      0.00  683656  18592   0.11  48941.40  12340.13    371.73      0.27      0.00  /opt/pgxl/bin/postgres --datanode -D /tmp/dbt3/pgdata/datanode.2.1 -p 15433 -c pooler_port=25433 -c listen_addresses=* -c share
 1444145726      6535    0.00    0.00    0.00    0.00     0      0.00      0.00  683928   4564   0.03      0.00      0.00      0.00      0.10      0.00  postgres: pooler process                                                                                                       
 1444145726      6536    0.00    0.00    0.00    0.00     1      0.00      0.00  683824  79848   0.49      0.00      0.00      0.00      0.00      0.00  postgres: checkpointer process                                                                                                 
 1444145726      6537    0.03    0.02    0.00    0.05     2      0.00      0.00  683656 103084   0.63      2.13      0.27      0.00      4.98      0.12  postgres: writer process                                                                                                       
 1444145726      6538    0.00    0.00    0.00    0.00     2      0.00      0.00  683656   2528   0.02      0.00      0.13      0.00      1.05      0.00  postgres: wal writer process                                                                                                   
 1444145726      6539    0.00    0.00    0.00    0.00     2      0.27      0.00  684256   7460   0.05      0.13      0.00      0.00      0.22      0.00  postgres: autovacuum launcher process                                                                                          
 1444145726      6540    0.00    0.00    0.00    0.00     0      0.17      0.00  118944   3128   0.02      0.00      1.07      0.00      3.08      0.02  postgres: stats collector process                                                                                              
 1444145726      6542    0.00    0.00    0.00    0.00     2      0.00      0.00   91772   1664   0.01     -1.00     -1.00     -1.00      0.00      0.00  sshd: mark [priv] 
 1444145726      6544    0.00    0.00    0.00    0.00     2      0.00      0.00   91772   1672   0.01     -1.00     -1.00     -1.00      0.00      0.00  sshd: mark [priv] 
 1444145726      6546    0.00    0.00    0.00    0.00     0      0.33      0.52   91772   1416   0.01     -1.00     -1.00     -1.00      0.53      0.00  sshd: mark@notty  
 1444145726      6548    0.00    0.00    0.00    0.00     0      0.30      0.53   91772   1548   0.01     -1.00     -1.00     -1.00      0.55      0.00  sshd: mark@notty  
 1444145726      6554    0.00    0.00    0.00    0.00     0      0.00      0.00  108232   1552   0.01      0.00      0.00      0.00      0.00      0.00  -bash 
 1444145726      6560    0.00    0.00    0.00    0.00     0      0.00      0.00  108232   1552   0.01      0.00      0.00      0.00      0.00      0.00  -bash 
 1444145726      6573    0.00    0.00    0.00    0.00     2      0.03      0.05  101036   1364   0.01      0.27      0.07      0.00      0.07      0.00  sar -o /tmp/pgxl-explain-example/power/pgxl2/sar_raw.out 60 
 1444145726      6574    0.00    0.02    0.00    0.02     2      0.52      0.02  101032   1512   0.01      2.67      0.40      0.00      0.53      0.17  sadc 60 -z -S ALL /tmp/pgxl-explain-example/power/pgxl2/sar_raw.out 
 1444145726      6581    0.00    0.00    0.00    0.00     2      2.32      0.00  101024   1744   0.01      0.73      0.20      0.00      0.18      0.08  pidstat -h -l -d -r -u -w 60 
 1444145726      6586    4.92    3.90    0.00    8.82     0      8.25      0.00  686136 545584   3.34    548.93      0.00      0.00  14492.57     88.38  postgres: mark dbt3 127.0.0.1(34418) REMOTE SUBPLAN                                                                            
 1444145726      6587   14.62    4.23    0.00   18.85     3    214.62      0.35  732044 588688   3.60   7964.47      0.00      0.00    764.28   1427.70  postgres: mark dbt3 10.0.3.116(56076) REMOTE SUBPLAN                                                                           
 1444145726      6607    0.00    0.00    0.00    0.00     3      0.00      0.00  684980  62808   0.38      0.00      0.00      0.00      0.00      0.00  postgres: mark dbt3 127.0.0.1(34579) idle                                                                                      
 1444145726      6608    0.00    0.00    0.00    0.00     2      0.00      0.00  684964  62168   0.38      0.00      0.00      0.00      0.00      0.00  postgres: mark dbt3 10.0.3.116(56237) idle                                                                                     
 1444145726      6609    1.33    0.93    0.00    2.27     2    968.43      0.00  684980 522836   3.20   2379.73      0.00      0.00    292.82     15.47  postgres: mark dbt3 127.0.0.1(34587) idle                                                                                      
 1444145726      6610    0.28    0.35    0.00    0.63     0      0.00      0.00  684980  69400   0.42      0.00      0.00      0.00   1029.13      5.47  postgres: mark dbt3 10.0.3.116(56245) idle                                                                                     
 1444145726      6622   15.47    0.93    0.00   16.40     0    276.62      0.05  804560 127452   0.78     13.13      0.33      0.07    117.03   2462.27  postgres: mark dbt3 10.0.3.115(40504) REMOTE SUBPLAN                                                                           

#      Time       PID    %usr %system  %guest    %CPU   CPU  minflt/s  majflt/s     VSZ    RSS   %MEM   kB_rd/s   kB_wr/s kB_ccwr/s   cswch/s nvcswch/s  Command
 1444145786       290    0.00    0.00    0.00    0.00     0      0.02      0.00   82636    476   0.00     -1.00     -1.00     -1.00      0.20      0.33  sendmail: accepting connections
 1444145786       309    0.00    0.00    0.00    0.00     3      0.05      0.00   20040    552   0.00     -1.00     -1.00     -1.00      0.02      0.02  crond 
 1444145786      6513    0.10    0.20    0.00    0.30     3      0.02      0.00  160284   1904   0.01      0.00      0.07      0.00      0.12      0.00  gtm_proxy -D /tmp/dbt3/pgdata/gtm_proxy.2 -s pgxl -t 6666 -l /tmp/pgxl-explain-example/power/gtm_proxy_2.log 
 1444145786      6533    0.00    0.00    0.00    0.00     2      1.20      0.00  683656  17716   0.11      4.40      0.00      0.00      0.22      0.00  /opt/pgxl/bin/postgres --datanode -D /tmp/dbt3/pgdata/datanode.2.1 -p 15433 -c pooler_port=25433 -c listen_addresses=* -c share
 1444145786      6535    0.00    0.00    0.00    0.00     2      0.00      0.00  683928   4548   0.03      0.00      0.00      0.00      0.15      0.00  postgres: pooler process                                                                                                       
 1444145786      6536    0.00    0.00    0.00    0.00     1      0.00      0.02  683824  79852   0.49      0.00      0.00      0.00      0.00      0.00  postgres: checkpointer process                                                                                                 
 1444145786      6537    0.02    0.02    0.00    0.03     2      0.05      0.00  683656 103088   0.63      0.00      0.13      0.00      2.07      0.05  postgres: writer process                                                                                                       
 1444145786      6538    0.00    0.00    0.00    0.00     3      0.02      0.00  683656   1660   0.01      0.00      0.27      0.00      1.93      0.08  postgres: wal writer process                                                                                                   
 1444145786      6539    0.00    0.00    0.00    0.00     2      0.23      0.00  684256   7672   0.05      0.00      0.00      0.00      0.20      0.03  postgres: autovacuum launcher process                                                                                          
 1444145786      6540    0.00    0.00    0.00    0.00     1      0.17      0.02  118944   3132   0.02      0.00      1.07      0.00      2.33      0.03  postgres: stats collector process                                                                                              
 1444145786      6548    0.00    0.00    0.00    0.00     0      0.00      0.00   91772   1544   0.01     -1.00     -1.00     -1.00      0.00      0.00  sshd: mark@notty  
 1444145786      6573    0.00    0.00    0.00    0.00     2      0.00      0.00  101036   1360   0.01      0.00      0.07      0.00      0.02      0.00  sar -o /tmp/pgxl-explain-example/power/pgxl2/sar_raw.out 60 
 1444145786      6574    0.00    0.00    0.00    0.00     1      0.50      0.00  101032   1512   0.01      0.47      0.33      0.00      0.52      0.00  sadc 60 -z -S ALL /tmp/pgxl-explain-example/power/pgxl2/sar_raw.out 
 1444145786      6581    0.00    0.00    0.00    0.00     2      2.28      0.00  101024   1744   0.01      0.13      0.20      0.00      0.15      0.00  pidstat -h -l -d -r -u -w 60 
 1444145786      6586    2.82    2.15    0.00    4.97     0      0.05      0.02  686136 545580   3.34      3.73      0.00      0.00  10665.73     42.82  postgres: mark dbt3 127.0.0.1(34418) PLAN                                                                                      
 1444145786      6587    9.48    2.67    0.00   12.15     0    234.65      0.25  692920 551368   3.37     17.93    184.40      0.00    719.10    445.88  postgres: mark dbt3 10.0.3.116(56076) PLAN                                                                                     
 1444145786      6607    0.00    0.00    0.00    0.00     3      0.00      0.00  684980  61760   0.38      0.00      0.00      0.00      0.00      0.00  postgres: mark dbt3 127.0.0.1(34579) idle                                                                                      
 1444145786      6608    0.00    0.00    0.00    0.00     2      0.00      0.00  684964  61056   0.37      0.00      0.00      0.00      0.00      0.00  postgres: mark dbt3 10.0.3.116(56237) idle                                                                                     
 1444145786      6609    0.00    0.00    0.00    0.00     2      0.00      0.00  684980 522816   3.20      0.00      0.00      0.00      0.00      0.00  postgres: mark dbt3 127.0.0.1(34587) idle                                                                                      
 1444145786      6622   35.12    6.78    0.00   41.90     3   3512.07      0.00  705300 565632   3.46  39176.47   1504.67   1502.60   1303.62    917.43  postgres: mark dbt3 10.0.3.115(40504) REMOTE SUBPLAN                                                                           

#      Time       PID    %usr %system  %guest    %CPU   CPU  minflt/s  majflt/s     VSZ    RSS   %MEM   kB_rd/s   kB_wr/s kB_ccwr/s   cswch/s nvcswch/s  Command
 1444145846       290    0.00    0.00    0.00    0.00     1      0.00      0.00   82636    476   0.00     -1.00     -1.00     -1.00      0.20      0.02  sendmail: accepting connections
 1444145846       309    0.00    0.00    0.00    0.00     3      0.05      0.00   20040    552   0.00     -1.00     -1.00     -1.00      0.02      0.00  crond 
 1444145846       574    0.00    0.00    0.00    0.00     1      0.50      0.47   93844    536   0.00     -1.00     -1.00     -1.00      0.48      0.02  sshd: mark@pts/4  
 1444145846      6513    0.15    0.18    0.00    0.33     1      0.02      0.00  160284   1904   0.01      0.00      0.07      0.00      0.13      0.00  gtm_proxy -D /tmp/dbt3/pgdata/gtm_proxy.2 -s pgxl -t 6666 -l /tmp/pgxl-explain-example/power/gtm_proxy_2.log 
 1444145846      6533    0.02    0.00    0.00    0.02     0      1.40      0.00  683656  17708   0.11  57972.00   1506.00   1502.80      0.23      0.00  /opt/pgxl/bin/postgres --datanode -D /tmp/dbt3/pgdata/datanode.2.1 -p 15433 -c pooler_port=25433 -c listen_addresses=* -c share
 1444145846      6535    0.00    0.00    0.00    0.00     1      0.00      0.00  683928   4536   0.03      0.00      0.00      0.00      0.07      0.00  postgres: pooler process                                                                                                       
 1444145846      6536    0.00    0.00    0.00    0.00     0      0.80      0.68  683824  81560   0.50      7.60      0.40      0.00      1.15      0.18  postgres: checkpointer process                                                                                                 
 1444145846      6537    0.07    0.00    0.00    0.07     0      0.02      0.00  683656 103080   0.63      0.00      0.00      0.00      2.47      0.18  postgres: writer process                                                                                                       
 1444145846      6538    0.00    0.00    0.00    0.00     2      0.00      0.00  683656   1652   0.01      0.00      0.13      0.00      1.05      0.00  postgres: wal writer process                                                                                                   
 1444145846      6539    0.00    0.00    0.00    0.00     2      0.22      0.00  684256   7872   0.05      0.00      0.00      0.00      0.20      0.03  postgres: autovacuum launcher process                                                                                          
 1444145846      6540    0.02    0.02    0.00    0.03     0      0.17      0.00  118944   3124   0.02      0.00      1.07      0.00      2.65      0.02  postgres: stats collector process                                                                                              
 1444145846      6573    0.00    0.00    0.00    0.00     1      0.00      0.00  101036   1320   0.01      0.00      0.07      0.00      0.02      0.00  sar -o /tmp/pgxl-explain-example/power/pgxl2/sar_raw.out 60 
 1444145846      6574    0.00    0.00    0.00    0.00     2      0.50      0.00  101032   1496   0.01      0.53      0.40      0.00      0.57      0.05  sadc 60 -z -S ALL /tmp/pgxl-explain-example/power/pgxl2/sar_raw.out 
 1444145846      6581    0.02    0.00    0.00    0.02     1      2.28      0.00  101024   1744   0.01      0.13      0.13      0.00      0.15      0.02  pidstat -h -l -d -r -u -w 60 
 1444145846      6586    0.37    0.15    0.00    0.52     2      0.03      0.00  686136 545552   3.34      0.00      0.00      0.00      0.08      0.75  postgres: mark dbt3 127.0.0.1(34418) idle                                                                                      
 1444145846      6587    0.47    0.57    0.00    1.03     0      3.72      0.00  692920 552212   3.38   3452.73      0.00      0.00    265.87      1.07  postgres: mark dbt3 10.0.3.116(56076) idle                                                                                     
 1444145846      6607    0.00    0.00    0.00    0.00     3      0.00      0.00  684980  61620   0.38      0.00      0.00      0.00      0.00      0.00  postgres: mark dbt3 127.0.0.1(34579) idle                                                                                      
 1444145846      6608    0.00    0.00    0.00    0.00     2      0.00      0.00  684964  60968   0.37      0.00      0.00      0.00      0.00      0.00  postgres: mark dbt3 10.0.3.116(56237) idle                                                                                     
 1444145846      6609    0.00    0.00    0.00    0.00     2      0.00      0.00  684980 521676   3.19      0.00      0.00      0.00      0.00      0.00  postgres: mark dbt3 127.0.0.1(34587) idle                                                                                      
 1444145846      6610    0.00    0.00    0.00    0.00     0      0.00      0.00  684980  68244   0.42      0.00      0.00      0.00      0.00      0.00  postgres: mark dbt3 10.0.3.116(56245) idle                                                                                     
 1444145846      6641    3.93    0.95    0.00    4.88     0   2774.90      0.07 1051064 682668   4.18   8344.53      0.33      0.07    173.68      3.48  postgres: mark dbt3 10.0.3.115(40643) REMOTE SUBPLAN                                                                           

#      Time       PID    %usr %system  %guest    %CPU   CPU  minflt/s  majflt/s     VSZ    RSS   %MEM   kB_rd/s   kB_wr/s kB_ccwr/s   cswch/s nvcswch/s  Command
 1444145906         1    0.00    0.00    0.00    0.00     1      0.00      0.00   19292    304   0.00     -1.00     -1.00     -1.00      0.00      0.00  /sbin/init 
 1444145906        78    0.00    0.00    0.00    0.00     3      0.00      0.00    4124    240   0.00     -1.00     -1.00     -1.00      0.00      0.00  /sbin/mingetty --nohangup console 
 1444145906       271    0.00    0.00    0.00    0.00     1      0.00      0.00   66276    260   0.00     -1.00     -1.00     -1.00      0.00      0.00  /usr/sbin/sshd 
 1444145906       290    0.00    0.00    0.00    0.00     1      0.00      0.00   82636    476   0.00     -1.00     -1.00     -1.00      0.20      0.03  sendmail: accepting connections
 1444145906       299    0.00    0.00    0.00    0.00     3      0.00      0.00   78240    392   0.00     -1.00     -1.00     -1.00      0.00      0.00  sendmail: Queue runner@01:00:00 for /var/spool/clientmqueue
 1444145906       309    0.00    0.00    0.00    0.00     3      0.05      0.00   20040    528   0.00     -1.00     -1.00     -1.00      0.02      0.02  crond 
 1444145906       321    0.00    0.00    0.00    0.00     0      0.00      0.00    4124    240   0.00     -1.00     -1.00     -1.00      0.00      0.00  /sbin/mingetty --nohangup /dev/tty1 
 1444145906       323    0.00    0.00    0.00    0.00     0      0.00      0.00    4124    240   0.00     -1.00     -1.00     -1.00      0.00      0.00  /sbin/mingetty --nohangup /dev/tty2 
 1444145906       325    0.00    0.00    0.00    0.00     3      0.00      0.00    4124    240   0.00     -1.00     -1.00     -1.00      0.00      0.00  /sbin/mingetty --nohangup /dev/tty3 
 1444145906       327    0.00    0.00    0.00    0.00     2      0.00      0.00    4124    240   0.00     -1.00     -1.00     -1.00      0.00      0.00  /sbin/mingetty --nohangup /dev/tty4 
 1444145906       572    0.00    0.00    0.00    0.00     1      0.00      0.00   93844    288   0.00     -1.00     -1.00     -1.00      0.00      0.00  sshd: mark [priv] 
 1444145906       574    0.00    0.00    0.00    0.00     1      0.00      0.00   93844     12   0.00     -1.00     -1.00     -1.00      0.00      0.00  sshd: mark@pts/4  
 1444145906       575    0.00    0.00    0.00    0.00     1      0.00      0.00  108368    280   0.00      0.00      0.00      0.00      0.00      0.00  -bash 
 1444145906      6513    0.10    0.22    0.00    0.32     3      0.02      0.05  160284   1856   0.01      0.47      0.13      0.00      0.15      0.00  gtm_proxy -D /tmp/dbt3/pgdata/gtm_proxy.2 -s pgxl -t 6666 -l /tmp/pgxl-explain-example/power/gtm_proxy_2.log 
 1444145906      6533    0.00    0.00    0.00    0.00     0      1.40      0.00  683656  17688   0.11  34644.33      0.40      0.07      0.25      0.00  /opt/pgxl/bin/postgres --datanode -D /tmp/dbt3/pgdata/datanode.2.1 -p 15433 -c pooler_port=25433 -c listen_addresses=* -c share
 1444145906      6535    0.00    0.00    0.00    0.00     3      0.03      0.03  683928   4452   0.03      0.13      0.00      0.00      0.10      0.00  postgres: pooler process                                                                                                       
 1444145906      6536    0.00    0.00    0.00    0.00     0      0.02      0.00  683824  81556   0.50      0.00      0.00      0.00      0.00      0.00  postgres: checkpointer process                                                                                                 
 1444145906      6537    0.08    0.02    0.00    0.10     3      0.05      0.02  683656 103068   0.63      0.27      0.27      0.00      4.92      0.40  postgres: writer process                                                                                                       
 1444145906      6538    0.00    0.00    0.00    0.00     1      0.00      0.00  683656   1644   0.01      0.00      0.13      0.00      1.07      0.00  postgres: wal writer process                                                                                                   
 1444145906      6539    0.00    0.00    0.00    0.00     2      0.30      0.00  684256   8396   0.05      0.00      0.00      0.00      0.20      0.00  postgres: autovacuum launcher process                                                                                          
 1444145906      6540    0.00    0.00    0.00    0.00     3      0.17      0.00  118944   3120   0.02      0.00      1.07      0.00      4.70      0.03  postgres: stats collector process                                                                                              
 1444145906      6542    0.00    0.00    0.00    0.00     2      0.00      0.00   91772   1660   0.01     -1.00     -1.00     -1.00      0.00      0.00  sshd: mark [priv] 
 1444145906      6544    0.00    0.00    0.00    0.00     2      0.00      0.00   91772   1668   0.01     -1.00     -1.00     -1.00      0.00      0.00  sshd: mark [priv] 
 1444145906      6546    0.00    0.00    0.00    0.00     0      0.00      0.00   91772    724   0.00     -1.00     -1.00     -1.00      0.00      0.00  sshd: mark@notty  
 1444145906      6548    0.00    0.00    0.00    0.00     0      0.00      0.00   91772    832   0.01     -1.00     -1.00     -1.00      0.00      0.00  sshd: mark@notty  
 1444145906      6573    0.00    0.00    0.00    0.00     3      0.05      0.03  101036   1284   0.01      2.73      0.07      0.00      0.08      0.00  sar -o /tmp/pgxl-explain-example/power/pgxl2/sar_raw.out 60 
 1444145906      6574    0.00    0.00    0.00    0.00     1      0.50      0.02  101032   1512   0.01      2.87      0.40      0.00      0.63      0.00  sadc 60 -z -S ALL /tmp/pgxl-explain-example/power/pgxl2/sar_raw.out 
 1444145906      6581    0.00    0.02    0.00    0.02     3      2.35      0.02  101024   1744   0.01      1.73      0.20      0.00      0.37      0.50  pidstat -h -l -d -r -u -w 60 
 1444145906      6586    0.27    0.23    0.00    0.50     0      0.12      0.20  686136 544656   3.33    550.40      0.00      0.00     99.82      1.20  postgres: mark dbt3 127.0.0.1(34418) idle                                                                                      
 1444145906      6587    0.28    0.27    0.00    0.55     2      0.17      0.28  692920 544448   3.33    549.13      0.00      0.00     99.83      1.78  postgres: mark dbt3 10.0.3.116(56076) idle                                                                                     
 1444145906      6607    0.00    0.00    0.00    0.00     3      0.00      0.00  684980  61584   0.38      0.00      0.00      0.00      0.00      0.00  postgres: mark dbt3 127.0.0.1(34579) idle                                                                                      
 1444145906      6608    0.00    0.00    0.00    0.00     2      0.00      0.00  684964  60952   0.37      0.00      0.00      0.00      0.00      0.00  postgres: mark dbt3 10.0.3.116(56237) idle                                                                                     
 1444145906      6609    0.00    0.00    0.00    0.00     2      0.00      0.00  684980 521588   3.19      0.00      0.00      0.00      0.00      0.00  postgres: mark dbt3 127.0.0.1(34587) idle                                                                                      
 1444145906      6610    0.00    0.00    0.00    0.00     0      0.00      0.00  684980  68156   0.42      0.00      0.00      0.00      0.00      0.00  postgres: mark dbt3 10.0.3.116(56245) idle                                                                                     
 1444145906      6650   30.88    6.82    0.00   37.70     0   4035.05      0.18 1001768 858692   5.26  17020.93   2464.13      0.27    710.37     22.08  postgres: mark dbt3 10.0.3.115(40693) REMOTE SUBPLAN                                                                           
