Linux 3.16.0-38-generic (pgxl2) 	10/06/2015 	_x86_64_	(4 CPU)

#      Time       PID    %usr %system  %guest    %CPU   CPU  minflt/s  majflt/s     VSZ    RSS   %MEM   kB_rd/s   kB_wr/s kB_ccwr/s   cswch/s nvcswch/s  Command
 1444144639         1    0.00    0.00    0.00    0.00     1      0.00      0.00   19292    712   0.00     -1.00     -1.00     -1.00      0.00      0.00  /sbin/init 
 1444144639       271    0.00    0.00    0.00    0.00     2      0.00      0.00   66276    824   0.01     -1.00     -1.00     -1.00      0.00      0.00  /usr/sbin/sshd 
 1444144639       290    0.00    0.00    0.00    0.00     2      0.00      0.00   82636   1012   0.01     -1.00     -1.00     -1.00      0.00      0.00  sendmail: accepting connections
 1444144639       309    0.00    0.00    0.00    0.00     2      0.00      0.00   20040    764   0.00     -1.00     -1.00     -1.00      0.00      0.00  crond 
 1444144639       574    0.00    0.00    0.00    0.00     3      0.00      0.00   93844   1044   0.01     -1.00     -1.00     -1.00      0.00      0.00  sshd: mark@pts/4  
 1444144639      6174    0.00    0.00    0.00    0.00     2      0.00      0.00  101036   1800   0.01      0.00      0.00      0.00      0.00      0.00  sar -o /tmp/pgxl-explain-example/load/pgxl2/sar_raw.out 60 
 1444144639      6176    0.00    0.00    0.00    0.00     0      0.00      0.00  101036   1916   0.01      0.00      0.00      0.00      0.00      0.00  sadc 60 -z -S ALL /tmp/pgxl-explain-example/load/pgxl2/sar_raw.out 
 1444144639      6177    0.00    0.00    0.00    0.00     0      0.00      0.00  101024   2016   0.01      0.00      0.00      0.00      0.00      0.00  pidstat -h -l -d -r -u -w 60 
 1444144639      6286    0.00    0.00    0.00    0.00     1      0.00      0.00  160448   4468   0.03      0.00      0.00      0.00      0.00      0.00  gtm_proxy -D /tmp/dbt3/pgdata/gtm_proxy.2 -s pgxl -t 6666 -l /tmp/pgxl-explain-example/load/gtm_proxy_2.log 
 1444144639      6306    0.00    0.00    0.00    0.00     0      0.00      0.00  684884  40088   0.25      0.00      0.00      0.00      0.00      0.00  /opt/pgxl/bin/postgres --datanode -D /tmp/dbt3/pgdata/datanode.2.1 -p 15433 -c pooler_port=25433 -c listen_addresses=* -c max_p
 1444144639      6308    0.00    0.00    0.00    0.00     1      0.00      0.00  684884   2888   0.02      0.00      0.00      0.00      0.00      0.00  postgres: pooler process                                                                                                       
 1444144639      6309    0.00    0.00    0.00    0.00     0      0.00      0.00  685024   8676   0.05      0.00      0.00      0.00      0.00      0.00  postgres: checkpointer process                                                                                                 
 1444144639      6310    0.00    0.00    0.00    0.00     1      0.00      0.00  684884   5064   0.03      0.00      0.00      0.00      0.00      0.00  postgres: writer process                                                                                                       
 1444144639      6311    0.00    0.00    0.00    0.00     3      0.00      0.00  684884   3164   0.02      0.00      0.00      0.00      0.00      0.00  postgres: wal writer process                                                                                                   
 1444144639      6312    0.00    0.00    0.00    0.00     3      0.00      0.00  685476   6060   0.04      0.00      0.00      0.00      0.00      0.00  postgres: autovacuum launcher process                                                                                          
 1444144639      6313    0.00    0.00    0.00    0.00     1      0.00      0.00  118948   3212   0.02      0.00      0.00      0.00      0.00      0.00  postgres: stats collector process                                                                                              
 1444144639      6315    0.00    0.00    0.00    0.00     2      0.00      0.00  686196  10872   0.07      0.00      0.00      0.00      0.00      0.00  postgres: mark postgres 10.0.3.115(38898) idle                                                                                 
 1444144639      6316    0.00    0.00    0.00    0.00     3      0.00      0.00  686716  11916   0.07      0.00      0.00      0.00      0.00      0.00  postgres: mark dbt3 10.0.3.115(38914) idle                                                                                     

#      Time       PID    %usr %system  %guest    %CPU   CPU  minflt/s  majflt/s     VSZ    RSS   %MEM   kB_rd/s   kB_wr/s kB_ccwr/s   cswch/s nvcswch/s  Command
 1444144699       271    0.00    0.00    0.00    0.00     2      0.00      0.00   66276    768   0.00     -1.00     -1.00     -1.00      0.00      0.00  /usr/sbin/sshd 
 1444144699       290    0.00    0.00    0.00    0.00     0      0.00      0.00   82636    980   0.01     -1.00     -1.00     -1.00      0.19      0.03  sendmail: accepting connections
 1444144699       299    0.00    0.00    0.00    0.00     3      0.00      0.00   78240   1016   0.01     -1.00     -1.00     -1.00      0.00      0.00  sendmail: Queue runner@01:00:00 for /var/spool/clientmqueue
 1444144699       309    0.00    0.00    0.00    0.00     2      0.05      0.00   20040    764   0.00     -1.00     -1.00     -1.00      0.02      0.00  crond 
 1444144699      6174    0.00    0.00    0.00    0.00     0      0.00      0.00  101036   1800   0.01      0.00      0.13      0.00      0.06      0.00  sar -o /tmp/pgxl-explain-example/load/pgxl2/sar_raw.out 60 
 1444144699      6176    0.00    0.02    0.00    0.02     3      0.94      0.00  101032   1916   0.01      0.84      0.77      0.00      0.92      0.21  sadc 60 -z -S ALL /tmp/pgxl-explain-example/load/pgxl2/sar_raw.out 
 1444144699      6177    0.00    0.00    0.00    0.00     0      1.89      0.00  101024   2016   0.01      0.06      0.13      0.00      0.15      0.02  pidstat -h -l -d -r -u -w 60 
 1444144699      6286    0.05    0.47    0.00    0.52     0      0.06      0.00  160448   4468   0.03      0.06      0.06      0.00      0.11      0.00  gtm_proxy -D /tmp/dbt3/pgdata/gtm_proxy.2 -s pgxl -t 6666 -l /tmp/pgxl-explain-example/load/gtm_proxy_2.log 
 1444144699      6306    0.00    0.00    0.00    0.00     3      1.16      0.00  684884  40088   0.25      0.00      0.00      0.00      0.23      0.03  /opt/pgxl/bin/postgres --datanode -D /tmp/dbt3/pgdata/datanode.2.1 -p 15433 -c pooler_port=25433 -c listen_addresses=* -c max_p
 1444144699      6308    0.00    0.00    0.00    0.00     1      0.00      0.00  684884   2888   0.02      0.00      0.00      0.00      0.03      0.00  postgres: pooler process                                                                                                       
 1444144699      6309    0.05    0.24    0.00    0.29     0     40.39      0.00  685672 148436   0.91      0.00    408.00      0.00     13.95      0.56  postgres: checkpointer process                                                                                                 
 1444144699      6310    0.02    0.02    0.00    0.03     3      8.18      0.00  684884   7176   0.04      0.00      0.00      0.00      4.81      0.05  postgres: writer process                                                                                                       
 1444144699      6311    0.10    1.34    0.00    1.44     1     64.23      0.00  684884  19624   0.12      0.00   9977.55      0.00     82.82      5.55  postgres: wal writer process                                                                                                   
 1444144699      6312    0.00    0.00    0.00    0.00     2      0.76      0.00  685468   6140   0.04      0.00      0.00      0.00      0.56      0.06  postgres: autovacuum launcher process                                                                                          
 1444144699      6313    0.02    0.00    0.00    0.02     3      0.32      0.00  118948   3228   0.02      0.00      2.19      0.19      3.50      0.11  postgres: stats collector process                                                                                              
 1444144699      6315    0.00    0.00    0.00    0.00     2      0.00      0.00  686196  10872   0.07      0.00      0.00      0.00      0.02      0.00  postgres: mark postgres 10.0.3.115(38898) idle                                                                                 
 1444144699      6316    0.15    0.10    0.00    0.24     3     49.84      0.00  687496  62652   0.38      0.71   1065.03      0.06     21.40      1.15  postgres: mark dbt3 10.0.3.115(38914) idle                                                                                     

#      Time       PID    %usr %system  %guest    %CPU   CPU  minflt/s  majflt/s     VSZ    RSS   %MEM   kB_rd/s   kB_wr/s kB_ccwr/s   cswch/s nvcswch/s  Command
 1444144759         1    0.00    0.00    0.00    0.00     1      0.00      0.00   19292    648   0.00     -1.00     -1.00     -1.00      0.00      0.00  /sbin/init 
 1444144759        78    0.00    0.00    0.00    0.00     3      0.00      0.00    4124    388   0.00     -1.00     -1.00     -1.00      0.00      0.00  /sbin/mingetty --nohangup console 
 1444144759       241    0.00    0.00    0.00    0.00     3      0.00      0.00  245104    592   0.00     -1.00     -1.00     -1.00      0.00      0.00  /sbin/rsyslogd -i /var/run/syslogd.pid -c 5 
 1444144759       271    0.00    0.00    0.00    0.00     2      0.00      0.00   66276    540   0.00     -1.00     -1.00     -1.00      0.00      0.00  /usr/sbin/sshd 
 1444144759       290    0.00    0.00    0.00    0.00     0      0.00      0.00   82636    736   0.00     -1.00     -1.00     -1.00      0.21      0.05  sendmail: accepting connections
 1444144759       299    0.00    0.00    0.00    0.00     3      0.00      0.00   78240    708   0.00     -1.00     -1.00     -1.00      0.00      0.00  sendmail: Queue runner@01:00:00 for /var/spool/clientmqueue
 1444144759       309    0.00    0.00    0.00    0.00     2      0.05      0.00   20040    712   0.00     -1.00     -1.00     -1.00      0.02      0.02  crond 
 1444144759       321    0.00    0.00    0.00    0.00     0      0.00      0.00    4124    372   0.00     -1.00     -1.00     -1.00      0.00      0.00  /sbin/mingetty --nohangup /dev/tty1 
 1444144759       323    0.00    0.00    0.00    0.00     0      0.00      0.00    4124    392   0.00     -1.00     -1.00     -1.00      0.00      0.00  /sbin/mingetty --nohangup /dev/tty2 
 1444144759       325    0.00    0.00    0.00    0.00     3      0.00      0.00    4124    416   0.00     -1.00     -1.00     -1.00      0.00      0.00  /sbin/mingetty --nohangup /dev/tty3 
 1444144759       327    0.00    0.00    0.00    0.00     2      0.00      0.00    4124    388   0.00     -1.00     -1.00     -1.00      0.00      0.00  /sbin/mingetty --nohangup /dev/tty4 
 1444144759       572    0.00    0.00    0.00    0.00     1      0.00      0.00   93844   1316   0.01     -1.00     -1.00     -1.00      0.00      0.00  sshd: mark [priv] 
 1444144759       574    0.00    0.00    0.00    0.00     3      0.00      0.00   93844    776   0.00     -1.00     -1.00     -1.00      0.00      0.00  sshd: mark@pts/4  
 1444144759       575    0.00    0.00    0.00    0.00     1      0.00      0.00  108368   1488   0.01      0.00      0.00      0.00      0.00      0.00  -bash 
 1444144759      6145    0.00    0.00    0.00    0.00     3      0.00      0.00   91772   5700   0.03     -1.00     -1.00     -1.00      0.00      0.00  sshd: mark [priv] 
 1444144759      6146    0.00    0.00    0.00    0.00     0      0.00      0.00   91772   5672   0.03     -1.00     -1.00     -1.00      0.00      0.00  sshd: mark [priv] 
 1444144759      6149    0.00    0.00    0.00    0.00     3      0.00      0.00   91772   3176   0.02     -1.00     -1.00     -1.00      0.00      0.00  sshd: mark@notty  
 1444144759      6150    0.00    0.00    0.00    0.00     3      0.00      0.00   91772   3160   0.02     -1.00     -1.00     -1.00      0.00      0.00  sshd: mark@notty  
 1444144759      6151    0.00    0.00    0.00    0.00     1      0.00      0.00  108232   2376   0.01      0.00      0.00      0.00      0.00      0.00  -bash 
 1444144759      6152    0.00    0.00    0.00    0.00     2      0.00      0.00  108232   2380   0.01      0.00      0.00      0.00      0.00      0.00  -bash 
 1444144759      6174    0.00    0.00    0.00    0.00     0      0.00      0.00  101036   1548   0.01      0.00      0.00      0.00      0.00      0.00  sar -o /tmp/pgxl-explain-example/load/pgxl2/sar_raw.out 60 
 1444144759      6176    0.00    0.00    0.00    0.00     3      0.50      0.00  101032   1580   0.01      0.55      0.00      0.00      0.45      0.24  sadc 60 -z -S ALL /tmp/pgxl-explain-example/load/pgxl2/sar_raw.out 
 1444144759      6177    0.00    0.02    0.00    0.02     0      2.02      0.00  101024   1656   0.01      0.07      0.14      0.00      0.16      0.07  pidstat -h -l -d -r -u -w 60 
 1444144759      6286    0.05    0.41    0.00    0.47     3      0.00      0.00  160448   4436   0.03      0.00      0.14      0.00      0.12      0.00  gtm_proxy -D /tmp/dbt3/pgdata/gtm_proxy.2 -s pgxl -t 6666 -l /tmp/pgxl-explain-example/load/gtm_proxy_2.log 
 1444144759      6306    0.00    0.00    0.00    0.00     3      1.24      0.00  684884  39836   0.24      0.14      0.00      0.00      0.19      0.02  /opt/pgxl/bin/postgres --datanode -D /tmp/dbt3/pgdata/datanode.2.1 -p 15433 -c pooler_port=25433 -c listen_addresses=* -c max_p
 1444144759      6308    0.00    0.00    0.00    0.00     1      0.00      0.00  684884   2888   0.02      0.00      0.00      0.00      0.03      0.00  postgres: pooler process                                                                                                       
 1444144759      6309    0.07    0.55    0.00    0.62     3     11.05      0.00  685672 190248   1.16      0.21   2502.90      0.00     31.98      4.31  postgres: checkpointer process                                                                                                 
 1444144759      6310    0.00    0.00    0.00    0.00     2      2.09      0.00  684884   7440   0.05      0.00      0.00      0.00      3.41      0.03  postgres: writer process                                                                                                       
 1444144759      6311    0.07    1.19    0.00    1.26     1      0.00      0.00  684884  19624   0.12      0.00  10327.86      0.00     88.88      6.17  postgres: wal writer process                                                                                                   
 1444144759      6312    0.00    0.00    0.00    0.00     2      0.12      0.00  685468   6144   0.04      0.00      0.00      0.00      0.21      0.03  postgres: autovacuum launcher process                                                                                          
 1444144759      6313    0.00    0.00    0.00    0.00     2      0.24      0.00  118948   3228   0.02      0.00      1.52      0.00      4.09      0.22  postgres: stats collector process                                                                                              
 1444144759      6316    5.36    0.62    0.00    5.98     1    467.21      0.00  799576 224492   1.37      0.00     43.31      0.00      0.19     22.53  postgres: mark dbt3 10.0.3.115(38914) CREATE INDEX                                                                             

#      Time       PID    %usr %system  %guest    %CPU   CPU  minflt/s  majflt/s     VSZ    RSS   %MEM   kB_rd/s   kB_wr/s kB_ccwr/s   cswch/s nvcswch/s  Command
 1444144819       241    0.00    0.02    0.00    0.02     3      0.10      0.06  245104    580   0.00     -1.00     -1.00     -1.00      0.00      0.00  /sbin/rsyslogd -i /var/run/syslogd.pid -c 5 
 1444144819       271    0.00    0.00    0.00    0.00     2      0.00      0.00   66276    488   0.00     -1.00     -1.00     -1.00      0.00      0.00  /usr/sbin/sshd 
 1444144819       290    0.00    0.00    0.00    0.00     2      0.00      0.00   82636    692   0.00     -1.00     -1.00     -1.00      0.19      0.00  sendmail: accepting connections
 1444144819       299    0.00    0.00    0.00    0.00     3      0.00      0.00   78240    664   0.00     -1.00     -1.00     -1.00      0.00      0.00  sendmail: Queue runner@01:00:00 for /var/spool/clientmqueue
 1444144819       309    0.00    0.00    0.00    0.00     2      0.16      0.02   20040    568   0.00     -1.00     -1.00     -1.00      0.05      0.02  crond 
 1444144819       572    0.00    0.00    0.00    0.00     1      0.00      0.00   93844    636   0.00     -1.00     -1.00     -1.00      0.00      0.00  sshd: mark [priv] 
 1444144819       574    0.00    0.00    0.00    0.00     3      0.00      0.00   93844    548   0.00     -1.00     -1.00     -1.00      0.00      0.00  sshd: mark@pts/4  
 1444144819       575    0.00    0.00    0.00    0.00     1      0.00      0.00  108368    972   0.01      0.00      0.00      0.00      0.00      0.00  -bash 
 1444144819      6145    0.00    0.00    0.00    0.00     3      0.00      0.00   91772   4796   0.03     -1.00     -1.00     -1.00      0.00      0.00  sshd: mark [priv] 
 1444144819      6146    0.00    0.00    0.00    0.00     0      0.00      0.00   91772   4732   0.03     -1.00     -1.00     -1.00      0.00      0.00  sshd: mark [priv] 
 1444144819      6149    0.00    0.00    0.00    0.00     3      0.13      0.08   91772   2860   0.02     -1.00     -1.00     -1.00      0.16      0.00  sshd: mark@notty  
 1444144819      6150    0.00    0.00    0.00    0.00     3      0.16      0.05   91772   2836   0.02     -1.00     -1.00     -1.00      0.16      0.00  sshd: mark@notty  
 1444144819      6151    0.00    0.00    0.00    0.00     1      0.00      0.00  108232   1824   0.01      0.00      0.00      0.00      0.00      0.00  -bash 
 1444144819      6152    0.00    0.00    0.00    0.00     2      0.00      0.00  108232   1836   0.01      0.00      0.00      0.00      0.00      0.00  -bash 
 1444144819      6174    0.00    0.00    0.00    0.00     3      0.02      0.00  101036   1544   0.01      0.06      0.13      0.00      0.48      0.02  sar -o /tmp/pgxl-explain-example/load/pgxl2/sar_raw.out 60 
 1444144819      6176    0.00    0.00    0.00    0.00     3      0.50      0.02  101032   1632   0.01      2.65      0.71      0.00      0.61      0.50  sadc 60 -z -S ALL /tmp/pgxl-explain-example/load/pgxl2/sar_raw.out 
 1444144819      6177    0.00    0.02    0.00    0.02     2      1.90      0.00  101024   1652   0.01      0.06      0.13      0.00      0.15      0.08  pidstat -h -l -d -r -u -w 60 
 1444144819      6286    0.08    0.27    0.00    0.35     2      0.00      0.00  160448   4436   0.03      0.00      0.06      0.00      0.11      0.02  gtm_proxy -D /tmp/dbt3/pgdata/gtm_proxy.2 -s pgxl -t 6666 -l /tmp/pgxl-explain-example/load/gtm_proxy_2.log 
 1444144819      6306    0.00    0.00    0.00    0.00     1      1.16      0.00  684884  39820   0.24      1.94      0.00      0.00      0.23      0.00  /opt/pgxl/bin/postgres --datanode -D /tmp/dbt3/pgdata/datanode.2.1 -p 15433 -c pooler_port=25433 -c listen_addresses=* -c max_p
 1444144819      6308    0.00    0.00    0.00    0.00     3      0.00      0.00  684884   2888   0.02      0.00      0.00      0.00      0.03      0.00  postgres: pooler process                                                                                                       
 1444144819      6309    0.03    0.15    0.00    0.18     1      3.37      0.00  685672 202900   1.24      0.00    584.90      0.00      4.03      0.73  postgres: checkpointer process                                                                                                 
 1444144819      6310    0.00    0.02    0.00    0.02     3      0.00      0.00  684884   7440   0.05      0.00      0.00      0.00      1.23      0.06  postgres: writer process                                                                                                       
 1444144819      6311    0.03    0.81    0.00    0.84     1      0.00      0.00  684884  19624   0.12      0.00   6482.84      0.00     21.18      2.08  postgres: wal writer process                                                                                                   
 1444144819      6312    0.00    0.00    0.00    0.00     3      0.10      0.00  685468   6144   0.04      0.00      0.00      0.00      0.19      0.08  postgres: autovacuum launcher process                                                                                          
 1444144819      6313    0.02    0.00    0.00    0.02     3      0.23      0.00  118948   3228   0.02      0.00      1.42      0.00      2.29      0.03  postgres: stats collector process                                                                                              
 1444144819      6315    0.00    0.00    0.00    0.00     2      0.00      0.00  686196  10780   0.07      0.00      0.00      0.00      0.00      0.00  postgres: mark postgres 10.0.3.115(38898) idle                                                                                 
 1444144819      6316   15.82    0.35    0.00   16.18     1      0.00      0.00  701232 131624   0.81      0.00    796.71      0.06     33.89     57.02  postgres: mark dbt3 10.0.3.115(38914) idle                                                                                     

#      Time       PID    %usr %system  %guest    %CPU   CPU  minflt/s  majflt/s     VSZ    RSS   %MEM   kB_rd/s   kB_wr/s kB_ccwr/s   cswch/s nvcswch/s  Command
 1444144879       241    0.00    0.00    0.00    0.00     3      0.00      0.00  245104    552   0.00     -1.00     -1.00     -1.00      0.00      0.00  /sbin/rsyslogd -i /var/run/syslogd.pid -c 5 
 1444144879       271    0.00    0.00    0.00    0.00     2      0.00      0.00   66276    452   0.00     -1.00     -1.00     -1.00      0.00      0.00  /usr/sbin/sshd 
 1444144879       290    0.00    0.00    0.00    0.00     1      0.00      0.00   82636    692   0.00     -1.00     -1.00     -1.00      0.21      0.16  sendmail: accepting connections
 1444144879       309    0.00    0.00    0.00    0.00     2      0.12      0.00   20040    592   0.00     -1.00     -1.00     -1.00      0.02      0.00  crond 
 1444144879       572    0.00    0.00    0.00    0.00     1      0.00      0.00   93844    540   0.00     -1.00     -1.00     -1.00      0.00      0.00  sshd: mark [priv] 
 1444144879       574    0.00    0.00    0.00    0.00     0      0.24      0.00   93844    924   0.01     -1.00     -1.00     -1.00      0.02      0.02  sshd: mark@pts/4  
 1444144879       575    0.00    0.00    0.00    0.00     1      0.00      0.00  108368    960   0.01      0.00      0.00      0.00      0.00      0.00  -bash 
 1444144879      6145    0.00    0.00    0.00    0.00     3      0.00      0.00   91772   4700   0.03     -1.00     -1.00     -1.00      0.00      0.00  sshd: mark [priv] 
 1444144879      6146    0.00    0.00    0.00    0.00     0      0.00      0.00   91772   4636   0.03     -1.00     -1.00     -1.00      0.00      0.00  sshd: mark [priv] 
 1444144879      6149    0.00    0.00    0.00    0.00     3      0.00      0.00   91772   2788   0.02     -1.00     -1.00     -1.00      0.00      0.00  sshd: mark@notty  
 1444144879      6150    0.00    0.00    0.00    0.00     3      0.00      0.00   91772   2764   0.02     -1.00     -1.00     -1.00      0.00      0.00  sshd: mark@notty  
 1444144879      6151    0.00    0.00    0.00    0.00     1      0.00      0.00  108232   1812   0.01      0.00      0.00      0.00      0.00      0.00  -bash 
 1444144879      6152    0.00    0.00    0.00    0.00     2      0.00      0.00  108232   1824   0.01      0.00      0.00      0.00      0.00      0.00  -bash 
 1444144879      6174    0.00    0.00    0.00    0.00     0      0.00      0.00  101036   1544   0.01      0.00      0.07      0.00      0.03      0.00  sar -o /tmp/pgxl-explain-example/load/pgxl2/sar_raw.out 60 
 1444144879      6176    0.00    0.00    0.00    0.00     0      0.52      0.00  101032   1632   0.01      0.48      0.34      0.00      0.47      0.24  sadc 60 -z -S ALL /tmp/pgxl-explain-example/load/pgxl2/sar_raw.out 
 1444144879      6177    0.00    0.00    0.00    0.00     2      2.02      0.00  101024   1652   0.01      0.14      0.21      0.00      0.17      0.00  pidstat -h -l -d -r -u -w 60 
 1444144879      6286    0.07    0.34    0.00    0.41     3      0.00      0.00  160448   4436   0.03      0.00      0.07      0.00      0.09      0.00  gtm_proxy -D /tmp/dbt3/pgdata/gtm_proxy.2 -s pgxl -t 6666 -l /tmp/pgxl-explain-example/load/gtm_proxy_2.log 
 1444144879      6306    0.00    0.00    0.00    0.00     2      1.24      0.00  684884  39820   0.24      0.14      0.00      0.00      0.19      0.00  /opt/pgxl/bin/postgres --datanode -D /tmp/dbt3/pgdata/datanode.2.1 -p 15433 -c pooler_port=25433 -c listen_addresses=* -c max_p
 1444144879      6308    0.00    0.00    0.00    0.00     1      0.00      0.00  684884   2888   0.02      0.00      0.00      0.00      0.03      0.00  postgres: pooler process                                                                                                       
 1444144879      6309    0.05    0.10    0.00    0.16     3      1.17      0.00  685672 206948   1.27      0.00    581.03      0.00     28.14      0.72  postgres: checkpointer process                                                                                                 
 1444144879      6310    0.00    0.00    0.00    0.00     2      0.00      0.00  684884   7440   0.05      0.00      0.00      0.00      1.45      0.00  postgres: writer process                                                                                                       
 1444144879      6311    0.05    0.59    0.00    0.64     1      0.00      0.00  684884  19624   0.12      0.00   6671.86      0.00     59.88      2.62  postgres: wal writer process                                                                                                   
 1444144879      6312    0.00    0.00    0.00    0.00     3      0.12      0.00  685468   6148   0.04      0.00      0.00      0.00      0.21      0.02  postgres: autovacuum launcher process                                                                                          
 1444144879      6313    0.00    0.02    0.00    0.02     3      0.24      0.00  118948   3228   0.02      0.00      1.72      0.00      3.83      0.02  postgres: stats collector process                                                                                              

#      Time       PID    %usr %system  %guest    %CPU   CPU  minflt/s  majflt/s     VSZ    RSS   %MEM   kB_rd/s   kB_wr/s kB_ccwr/s   cswch/s nvcswch/s  Command
 1444144939       241    0.00    0.00    0.00    0.00     3      0.00      0.00  245104    544   0.00     -1.00     -1.00     -1.00      0.00      0.00  /sbin/rsyslogd -i /var/run/syslogd.pid -c 5 
 1444144939       290    0.00    0.00    0.00    0.00     1      0.00      0.00   82636    692   0.00     -1.00     -1.00     -1.00      0.20      0.03  sendmail: accepting connections
 1444144939       309    0.00    0.00    0.00    0.00     2      0.05      0.00   20040    592   0.00     -1.00     -1.00     -1.00      0.02      0.00  crond 
 1444144939       575    0.00    0.00    0.00    0.00     1      0.00      0.00  108368    944   0.01      0.00      0.00      0.00      0.00      0.00  -bash 
 1444144939      6151    0.00    0.00    0.00    0.00     1      0.00      0.00  108232   1752   0.01      0.00      0.00      0.00      0.00      0.00  -bash 
 1444144939      6152    0.00    0.00    0.00    0.00     2      0.00      0.00  108232   1784   0.01      0.00      0.00      0.00      0.00      0.00  -bash 
 1444144939      6174    0.00    0.00    0.00    0.00     0      0.00      0.00  101036   1452   0.01      0.00      0.00      0.00      0.00      0.00  sar -o /tmp/pgxl-explain-example/load/pgxl2/sar_raw.out 60 
 1444144939      6176    0.00    0.00    0.00    0.00     0      0.02      0.00  101032   1552   0.01      0.07      0.00      0.00      0.12      0.00  sadc 60 -z -S ALL /tmp/pgxl-explain-example/load/pgxl2/sar_raw.out 
 1444144939      6177    0.00    0.00    0.00    0.00     2      1.95      0.00  101024   1624   0.01      0.13      0.13      0.00      0.15      0.00  pidstat -h -l -d -r -u -w 60 
 1444144939      6286    0.10    0.28    0.00    0.38     1      0.03      0.00  160448   4436   0.03      0.00      0.13      0.00      0.08      0.02  gtm_proxy -D /tmp/dbt3/pgdata/gtm_proxy.2 -s pgxl -t 6666 -l /tmp/pgxl-explain-example/load/gtm_proxy_2.log 
 1444144939      6306    0.00    0.00    0.00    0.00     3      1.20      0.00  684884  39760   0.24      4.73      0.00      0.00      0.22      0.00  /opt/pgxl/bin/postgres --datanode -D /tmp/dbt3/pgdata/datanode.2.1 -p 15433 -c pooler_port=25433 -c listen_addresses=* -c max_p
 1444144939      6308    0.00    0.00    0.00    0.00     1      0.00      0.00  684884   2888   0.02      0.00      0.00      0.00      0.03      0.00  postgres: pooler process                                                                                                       
 1444144939      6309    0.05    0.37    0.00    0.42     1      1.52      0.00  685672 211056   1.29      0.00    640.53      0.00     51.57      1.13  postgres: checkpointer process                                                                                                 
 1444144939      6310    0.00    0.00    0.00    0.00     0      0.00      0.00  684884   7440   0.05      0.00      0.00      0.00      1.78      0.00  postgres: writer process                                                                                                       
 1444144939      6311    0.10    0.97    0.00    1.07     1      0.00      0.00  684884  19624   0.12      0.00  11230.80      0.00     64.67      3.33  postgres: wal writer process                                                                                                   
 1444144939      6312    0.00    0.00    0.00    0.00     0      0.10      0.00  685468   6148   0.04      0.00      0.00      0.00      0.20      0.00  postgres: autovacuum launcher process                                                                                          
 1444144939      6313    0.00    0.00    0.00    0.00     0      0.20      0.00  118948   3228   0.02      0.00      1.40      0.00      5.68      0.03  postgres: stats collector process                                                                                              
 1444144939      6316    0.00    0.00    0.00    0.00     1      0.00      0.00  701232 131564   0.81      0.00      0.00      0.00      0.00      0.00  postgres: mark dbt3 10.0.3.115(38914) idle                                                                                     

#      Time       PID    %usr %system  %guest    %CPU   CPU  minflt/s  majflt/s     VSZ    RSS   %MEM   kB_rd/s   kB_wr/s kB_ccwr/s   cswch/s nvcswch/s  Command
 1444144999       290    0.00    0.00    0.00    0.00     1      0.00      0.00   82636    692   0.00     -1.00     -1.00     -1.00      0.19      0.08  sendmail: accepting connections
 1444144999       309    0.00    0.00    0.00    0.00     2      0.05      0.00   20040    588   0.00     -1.00     -1.00     -1.00      0.02      0.00  crond 
 1444144999       572    0.00    0.00    0.00    0.00     1      0.00      0.00   93844    536   0.00     -1.00     -1.00     -1.00      0.00      0.00  sshd: mark [priv] 
 1444144999       575    0.00    0.00    0.00    0.00     1      0.00      0.00  108368    868   0.01      0.00      0.00      0.00      0.00      0.00  -bash 
 1444144999      6145    0.00    0.00    0.00    0.00     3      0.00      0.00   91772   4680   0.03     -1.00     -1.00     -1.00      0.00      0.00  sshd: mark [priv] 
 1444144999      6146    0.00    0.00    0.00    0.00     0      0.00      0.00   91772   4616   0.03     -1.00     -1.00     -1.00      0.00      0.00  sshd: mark [priv] 
 1444144999      6151    0.00    0.00    0.00    0.00     1      0.00      0.00  108232   1668   0.01      0.00      0.00      0.00      0.00      0.00  -bash 
 1444144999      6152    0.00    0.00    0.00    0.00     2      0.00      0.00  108232   1692   0.01      0.00      0.00      0.00      0.00      0.00  -bash 
 1444144999      6174    0.00    0.00    0.00    0.00     0      0.00      0.00  101036   1448   0.01      0.00      0.06      0.00      0.02      0.00  sar -o /tmp/pgxl-explain-example/load/pgxl2/sar_raw.out 60 
 1444144999      6176    0.00    0.02    0.00    0.02     0      0.48      0.00  101036   1548   0.01      0.45      0.39      0.00      0.53      0.05  sadc 60 -z -S ALL /tmp/pgxl-explain-example/load/pgxl2/sar_raw.out 
 1444144999      6177    0.00    0.00    0.00    0.00     2      1.89      0.00  101024   1620   0.01      0.06      0.13      0.00      0.13      0.11  pidstat -h -l -d -r -u -w 60 
 1444144999      6286    0.05    0.35    0.00    0.40     1      0.00      0.00  160448   4436   0.03      0.00      0.06      0.00      0.11      0.00  gtm_proxy -D /tmp/dbt3/pgdata/gtm_proxy.2 -s pgxl -t 6666 -l /tmp/pgxl-explain-example/load/gtm_proxy_2.log 
 1444144999      6306    0.00    0.00    0.00    0.00     2      1.16      0.00  684884  39756   0.24      0.00      0.00      0.00      0.19      0.00  /opt/pgxl/bin/postgres --datanode -D /tmp/dbt3/pgdata/datanode.2.1 -p 15433 -c pooler_port=25433 -c listen_addresses=* -c max_p
 1444144999      6308    0.00    0.00    0.00    0.00     1      0.00      0.00  684884   2888   0.02      0.00      0.00      0.00      0.03      0.00  postgres: pooler process                                                                                                       
 1444144999      6309    0.02    0.13    0.00    0.15     2      0.42      0.00  685672 215216   1.32      0.00    434.84      0.00     24.52      0.65  postgres: checkpointer process                                                                                                 
 1444144999      6310    0.00    0.00    0.00    0.00     2      0.00      0.00  684884   7440   0.05      0.00      0.00      0.00      1.26      0.02  postgres: writer process                                                                                                       
 1444144999      6311    0.05    0.69    0.00    0.74     1      0.00      0.00  684884  19624   0.12      0.00   8169.81      0.00     71.44      2.40  postgres: wal writer process                                                                                                   
 1444144999      6312    0.00    0.00    0.00    0.00     0      0.10      0.00  685468   6148   0.04      0.00      0.00      0.00      0.19      0.02  postgres: autovacuum launcher process                                                                                          
 1444144999      6313    0.00    0.02    0.00    0.02     2      0.19      0.00  118948   3228   0.02      0.00      1.35      0.00      1.68      0.03  postgres: stats collector process                                                                                              
 1444144999      6316    0.00    0.00    0.00    0.00     1      0.00      0.00  701232 131560   0.81      0.00      0.00      0.00      0.00      0.00  postgres: mark dbt3 10.0.3.115(38914) idle                                                                                     

#      Time       PID    %usr %system  %guest    %CPU   CPU  minflt/s  majflt/s     VSZ    RSS   %MEM   kB_rd/s   kB_wr/s kB_ccwr/s   cswch/s nvcswch/s  Command
 1444145059       241    0.00    0.00    0.00    0.00     3      0.00      0.00  245104    184   0.00     -1.00     -1.00     -1.00      0.00      0.00  /sbin/rsyslogd -i /var/run/syslogd.pid -c 5 
 1444145059       290    0.00    0.00    0.00    0.00     0      0.00      0.00   82636    692   0.00     -1.00     -1.00     -1.00      0.21      0.07  sendmail: accepting connections
 1444145059       309    0.00    0.00    0.00    0.00     2      0.05      0.00   20040    564   0.00     -1.00     -1.00     -1.00      0.02      0.00  crond 
 1444145059       574    0.00    0.00    0.00    0.00     0      0.00      0.00   93844    640   0.00     -1.00     -1.00     -1.00      0.00      0.00  sshd: mark@pts/4  
 1444145059      6149    0.00    0.00    0.00    0.00     3      0.10      0.05   91772   3116   0.02     -1.00     -1.00     -1.00      0.10      0.00  sshd: mark@notty  
 1444145059      6150    0.00    0.00    0.00    0.00     0      0.07      0.07   91772   3072   0.02     -1.00     -1.00     -1.00      0.10      0.00  sshd: mark@notty  
 1444145059      6151    0.00    0.00    0.00    0.00     1      0.00      0.00  108232   1664   0.01      0.00      0.00      0.00      0.00      0.00  -bash 
 1444145059      6174    0.00    0.00    0.00    0.00     0      0.00      0.00  101036   1424   0.01      0.00      0.14      0.00      0.03      0.00  sar -o /tmp/pgxl-explain-example/load/pgxl2/sar_raw.out 60 
 1444145059      6176    0.00    0.00    0.00    0.00     2      1.02      0.00  101032   1508   0.01      0.83      0.76      0.00      0.98      0.03  sadc 60 -z -S ALL /tmp/pgxl-explain-example/load/pgxl2/sar_raw.out 
 1444145059      6177    0.00    0.02    0.00    0.02     2      2.02      0.00  101024   1560   0.01      0.14      0.14      0.00      0.16      0.22  pidstat -h -l -d -r -u -w 60 
 1444145059      6286    0.09    0.31    0.00    0.40     1      0.00      0.00  160448   4436   0.03      0.00      0.07      0.00      0.12      0.00  gtm_proxy -D /tmp/dbt3/pgdata/gtm_proxy.2 -s pgxl -t 6666 -l /tmp/pgxl-explain-example/load/gtm_proxy_2.log 
 1444145059      6306    0.00    0.00    0.00    0.00     3      1.26      0.00  684884  39700   0.24      0.00      0.00      0.00      0.22      0.03  /opt/pgxl/bin/postgres --datanode -D /tmp/dbt3/pgdata/datanode.2.1 -p 15433 -c pooler_port=25433 -c listen_addresses=* -c max_p
 1444145059      6308    0.00    0.00    0.00    0.00     1      0.00      0.00  684884   2888   0.02      0.00      0.00      0.00      0.03      0.00  postgres: pooler process                                                                                                       
 1444145059      6309    0.07    0.26    0.00    0.33     0      0.10      0.00  685672 215216   1.32      0.00     47.10      0.00    100.03      0.95  postgres: checkpointer process                                                                                                 
 1444145059      6310    0.02    0.00    0.00    0.02     3      0.00      0.00  684884   7440   0.05      0.00      0.00      0.00      1.91      0.00  postgres: writer process                                                                                                       
 1444145059      6311    0.05    1.26    0.00    1.31     0      0.00      0.00  684884  19624   0.12      0.00  14732.97      0.00    142.47      3.34  postgres: wal writer process                                                                                                   
 1444145059      6312    0.00    0.00    0.00    0.00     2      0.10      0.00  685468   6148   0.04      0.00      0.00      0.00      0.21      0.03  postgres: autovacuum launcher process                                                                                          
 1444145059      6313    0.00    0.00    0.00    0.00     1      0.17      0.00  118948   3228   0.02      0.00      1.10      0.00      2.12      0.03  postgres: stats collector process                                                                                              

#      Time       PID    %usr %system  %guest    %CPU   CPU  minflt/s  majflt/s     VSZ    RSS   %MEM   kB_rd/s   kB_wr/s kB_ccwr/s   cswch/s nvcswch/s  Command
 1444145119       290    0.00    0.00    0.00    0.00     1      0.00      0.00   82636    692   0.00     -1.00     -1.00     -1.00      0.20      0.10  sendmail: accepting connections
 1444145119       309    0.00    0.00    0.00    0.00     2      0.05      0.00   20040    564   0.00     -1.00     -1.00     -1.00      0.02      0.02  crond 
 1444145119       574    0.00    0.00    0.00    0.00     0      0.22      0.00   93844    640   0.00     -1.00     -1.00     -1.00      0.02      0.02  sshd: mark@pts/4  
 1444145119      6149    0.00    0.00    0.00    0.00     3      0.07      0.03   91772   3116   0.02     -1.00     -1.00     -1.00      0.07      0.00  sshd: mark@notty  
 1444145119      6150    0.00    0.00    0.00    0.00     0      0.05      0.05   91772   3072   0.02     -1.00     -1.00     -1.00      0.07      0.00  sshd: mark@notty  
 1444145119      6176    0.00    0.00    0.00    0.00     2      0.05      0.00  101036   1508   0.01      0.13      0.00      0.00      0.25      0.02  sadc 60 -z -S ALL /tmp/pgxl-explain-example/load/pgxl2/sar_raw.out 
 1444145119      6177    0.02    0.00    0.00    0.02     2      1.95      0.00  101024   1560   0.01      0.20      0.13      0.00      0.18      0.02  pidstat -h -l -d -r -u -w 60 
 1444145119      6286    0.07    0.28    0.00    0.35     3      0.00      0.00  160448   4436   0.03      0.00      0.07      0.00      0.12      0.00  gtm_proxy -D /tmp/dbt3/pgdata/gtm_proxy.2 -s pgxl -t 6666 -l /tmp/pgxl-explain-example/load/gtm_proxy_2.log 
 1444145119      6306    0.00    0.02    0.00    0.02     3      1.20      0.00  684884  39672   0.24      0.00      0.00      0.00      0.22      0.00  /opt/pgxl/bin/postgres --datanode -D /tmp/dbt3/pgdata/datanode.2.1 -p 15433 -c pooler_port=25433 -c listen_addresses=* -c max_p
 1444145119      6308    0.00    0.00    0.00    0.00     0      0.00      0.00  684884   2888   0.02      0.00      0.00      0.00      0.03      0.00  postgres: pooler process                                                                                                       
 1444145119      6309    0.03    0.08    0.00    0.12     0      0.10      0.00  685672 215216   1.32      0.00     24.73      0.00     25.15      0.27  postgres: checkpointer process                                                                                                 
 1444145119      6310    0.00    0.00    0.00    0.00     0      0.00      0.00  684884   7440   0.05      0.00      0.00      0.00      1.72      0.00  postgres: writer process                                                                                                       
 1444145119      6311    0.10    1.18    0.00    1.28     1      0.00      0.00  684884  19624   0.12      0.00  13811.33      0.00    161.75      3.43  postgres: wal writer process                                                                                                   
 1444145119      6312    0.00    0.00    0.00    0.00     0      0.10      0.00  685468   6148   0.04      0.00      0.00      0.00      0.20      0.00  postgres: autovacuum launcher process                                                                                          
 1444145119      6313    0.00    0.00    0.00    0.00     1      0.17      0.00  118948   3228   0.02      0.00      1.07      0.00      2.05      0.02  postgres: stats collector process                                                                                              

#      Time       PID    %usr %system  %guest    %CPU   CPU  minflt/s  majflt/s     VSZ    RSS   %MEM   kB_rd/s   kB_wr/s kB_ccwr/s   cswch/s nvcswch/s  Command
 1444145179         1    0.00    0.00    0.00    0.00     1      0.00      0.00   19292    636   0.00     -1.00     -1.00     -1.00      0.00      0.00  /sbin/init 
 1444145179        78    0.00    0.00    0.00    0.00     3      0.00      0.00    4124    384   0.00     -1.00     -1.00     -1.00      0.00      0.00  /sbin/mingetty --nohangup console 
 1444145179       271    0.00    0.00    0.00    0.00     2      0.00      0.00   66276    440   0.00     -1.00     -1.00     -1.00      0.00      0.00  /usr/sbin/sshd 
 1444145179       290    0.02    0.00    0.00    0.02     3      0.00      0.00   82636    692   0.00     -1.00     -1.00     -1.00      0.20      0.00  sendmail: accepting connections
 1444145179       309    0.00    0.00    0.00    0.00     1      0.05      0.00   20040    552   0.00     -1.00     -1.00     -1.00      0.02      0.00  crond 
 1444145179       323    0.00    0.00    0.00    0.00     0      0.00      0.00    4124    388   0.00     -1.00     -1.00     -1.00      0.00      0.00  /sbin/mingetty --nohangup /dev/tty2 
 1444145179       325    0.00    0.00    0.00    0.00     3      0.00      0.00    4124    404   0.00     -1.00     -1.00     -1.00      0.00      0.00  /sbin/mingetty --nohangup /dev/tty3 
 1444145179       327    0.00    0.00    0.00    0.00     2      0.00      0.00    4124    384   0.00     -1.00     -1.00     -1.00      0.00      0.00  /sbin/mingetty --nohangup /dev/tty4 
 1444145179       572    0.00    0.00    0.00    0.00     1      0.00      0.00   93844    524   0.00     -1.00     -1.00     -1.00      0.00      0.00  sshd: mark [priv] 
 1444145179       574    0.00    0.00    0.00    0.00     0      0.00      0.00   93844    628   0.00     -1.00     -1.00     -1.00      0.00      0.00  sshd: mark@pts/4  
 1444145179       575    0.00    0.00    0.00    0.00     1      0.00      0.00  108368    852   0.01      0.00      0.00      0.00      0.00      0.00  -bash 
 1444145179      6145    0.00    0.00    0.00    0.00     3      0.00      0.00   91772   4656   0.03     -1.00     -1.00     -1.00      0.00      0.00  sshd: mark [priv] 
 1444145179      6146    0.00    0.00    0.00    0.00     0      0.00      0.00   91772   4592   0.03     -1.00     -1.00     -1.00      0.00      0.00  sshd: mark [priv] 
 1444145179      6149    0.00    0.00    0.00    0.00     3      0.00      0.00   91772   3108   0.02     -1.00     -1.00     -1.00      0.00      0.00  sshd: mark@notty  
 1444145179      6150    0.00    0.00    0.00    0.00     0      0.00      0.00   91772   3064   0.02     -1.00     -1.00     -1.00      0.00      0.00  sshd: mark@notty  
 1444145179      6151    0.00    0.00    0.00    0.00     1      0.00      0.00  108232   1640   0.01      0.00      0.00      0.00      0.00      0.00  -bash 
 1444145179      6152    0.00    0.00    0.00    0.00     2      0.00      0.00  108232   1668   0.01      0.00      0.00      0.00      0.00      0.00  -bash 
 1444145179      6174    0.00    0.00    0.00    0.00     0      0.03      0.00  101036   1408   0.01      0.07      0.13      0.00      0.05      0.00  sar -o /tmp/pgxl-explain-example/load/pgxl2/sar_raw.out 60 
 1444145179      6176    0.00    0.00    0.00    0.00     2      0.98      0.05  101032   1580   0.01      4.20      0.80      0.00      0.88      0.05  sadc 60 -z -S ALL /tmp/pgxl-explain-example/load/pgxl2/sar_raw.out 
 1444145179      6177    0.00    0.00    0.00    0.00     0      2.00      0.00  101024   1612   0.01      0.13      0.13      0.00      0.17      0.02  pidstat -h -l -d -r -u -w 60 
 1444145179      6286    0.10    0.27    0.00    0.37     3      0.00      0.00  160448   4416   0.03      0.00      0.13      0.00      0.12      0.02  gtm_proxy -D /tmp/dbt3/pgdata/gtm_proxy.2 -s pgxl -t 6666 -l /tmp/pgxl-explain-example/load/gtm_proxy_2.log 
 1444145179      6306    0.00    0.00    0.00    0.00     2      1.20      0.00  684884  39648   0.24      3.33      0.00      0.00      0.23      0.00  /opt/pgxl/bin/postgres --datanode -D /tmp/dbt3/pgdata/datanode.2.1 -p 15433 -c pooler_port=25433 -c listen_addresses=* -c max_p
 1444145179      6308    0.00    0.00    0.00    0.00     1      0.00      0.00  684884   2868   0.02      0.00      0.00      0.00      0.03      0.00  postgres: pooler process                                                                                                       
 1444145179      6309    0.08    0.18    0.00    0.27     1      0.13      0.00  685672 215200   1.32      0.00    114.33      0.00     31.52      0.95  postgres: checkpointer process                                                                                                 
 1444145179      6310    0.00    0.00    0.00    0.00     3      0.00      0.00  684884   7428   0.05      0.00      0.00      0.00      1.45      0.02  postgres: writer process                                                                                                       
 1444145179      6311    0.10    0.80    0.00    0.90     2      0.00      0.00  684884  19608   0.12      0.00   9707.47      0.00    103.92      1.97  postgres: wal writer process                                                                                                   
 1444145179      6312    0.00    0.00    0.00    0.00     1      0.10      0.00  685468   6140   0.04      0.00      0.00      0.00      0.20      0.00  postgres: autovacuum launcher process                                                                                          
 1444145179      6313    0.00    0.02    0.00    0.02     3      0.20      0.00  118948   3224   0.02      1.60      1.40      0.00      2.77      0.03  postgres: stats collector process                                                                                              
 1444145179      6315    0.00    0.00    0.00    0.00     2      0.00      0.00  686196  10760   0.07      0.00      0.00      0.00      0.00      0.00  postgres: mark postgres 10.0.3.115(38898) idle                                                                                 
 1444145179      6316    0.00    0.00    0.00    0.00     1      0.00      0.00  701232 131536   0.81      0.00      0.00      0.00      0.00      0.00  postgres: mark dbt3 10.0.3.115(38914) idle                                                                                     

#      Time       PID    %usr %system  %guest    %CPU   CPU  minflt/s  majflt/s     VSZ    RSS   %MEM   kB_rd/s   kB_wr/s kB_ccwr/s   cswch/s nvcswch/s  Command
 1444145239         1    0.00    0.00    0.00    0.00     1      0.00      0.00   19292    464   0.00     -1.00     -1.00     -1.00      0.00      0.00  /sbin/init 
 1444145239        78    0.00    0.00    0.00    0.00     3      0.00      0.00    4124    360   0.00     -1.00     -1.00     -1.00      0.00      0.00  /sbin/mingetty --nohangup console 
 1444145239       241    0.00    0.00    0.00    0.00     3      0.00      0.00  245104     32   0.00     -1.00     -1.00     -1.00      0.00      0.00  /sbin/rsyslogd -i /var/run/syslogd.pid -c 5 
 1444145239       271    0.00    0.00    0.00    0.00     2      0.00      0.00   66276    328   0.00     -1.00     -1.00     -1.00      0.00      0.00  /usr/sbin/sshd 
 1444145239       290    0.00    0.02    0.00    0.02     2      0.00      0.00   82636    660   0.00     -1.00     -1.00     -1.00      0.20      0.03  sendmail: accepting connections
 1444145239       299    0.00    0.00    0.00    0.00     3      0.00      0.00   78240    516   0.00     -1.00     -1.00     -1.00      0.00      0.00  sendmail: Queue runner@01:00:00 for /var/spool/clientmqueue
 1444145239       309    0.00    0.00    0.00    0.00     1      0.10      0.12   20040    796   0.00     -1.00     -1.00     -1.00      0.17      0.00  crond 
 1444145239       321    0.00    0.00    0.00    0.00     0      0.00      0.00    4124    348   0.00     -1.00     -1.00     -1.00      0.00      0.00  /sbin/mingetty --nohangup /dev/tty1 
 1444145239       323    0.00    0.00    0.00    0.00     0      0.00      0.00    4124    364   0.00     -1.00     -1.00     -1.00      0.00      0.00  /sbin/mingetty --nohangup /dev/tty2 
 1444145239       325    0.00    0.00    0.00    0.00     3      0.00      0.00    4124    380   0.00     -1.00     -1.00     -1.00      0.00      0.00  /sbin/mingetty --nohangup /dev/tty3 
 1444145239       327    0.00    0.00    0.00    0.00     2      0.00      0.00    4124    360   0.00     -1.00     -1.00     -1.00      0.00      0.00  /sbin/mingetty --nohangup /dev/tty4 
 1444145239       572    0.00    0.00    0.00    0.00     1      0.00      0.00   93844    472   0.00     -1.00     -1.00     -1.00      0.00      0.00  sshd: mark [priv] 
 1444145239       574    0.00    0.00    0.00    0.00     0      0.00      0.00   93844    276   0.00     -1.00     -1.00     -1.00      0.00      0.00  sshd: mark@pts/4  
 1444145239       575    0.00    0.00    0.00    0.00     1      0.00      0.00  108368    556   0.00      0.00      0.00      0.00      0.00      0.00  -bash 
 1444145239      6145    0.00    0.00    0.00    0.00     3      0.00      0.00   91772   3908   0.02     -1.00     -1.00     -1.00      0.00      0.00  sshd: mark [priv] 
 1444145239      6146    0.00    0.00    0.00    0.00     0      0.00      0.00   91772   3852   0.02     -1.00     -1.00     -1.00      0.00      0.00  sshd: mark [priv] 
 1444145239      6149    0.00    0.00    0.00    0.00     3      0.00      0.00   91772   2156   0.01     -1.00     -1.00     -1.00      0.00      0.00  sshd: mark@notty  
 1444145239      6150    0.00    0.00    0.00    0.00     0      0.00      0.00   91772   2088   0.01     -1.00     -1.00     -1.00      0.00      0.00  sshd: mark@notty  
 1444145239      6151    0.00    0.00    0.00    0.00     1      0.00      0.00  108232   1292   0.01      0.00      0.00      0.00      0.00      0.00  -bash 
 1444145239      6152    0.00    0.00    0.00    0.00     2      0.00      0.00  108232   1316   0.01      0.00      0.00      0.00      0.00      0.00  -bash 
 1444145239      6174    0.00    0.00    0.00    0.00     0      0.00      0.00  101036   1244   0.01      0.00      0.07      0.00      0.02      0.00  sar -o /tmp/pgxl-explain-example/load/pgxl2/sar_raw.out 60 
 1444145239      6176    0.00    0.02    0.00    0.02     2      0.50      0.00  101032   1424   0.01      0.47      0.33      0.00      0.55      0.00  sadc 60 -z -S ALL /tmp/pgxl-explain-example/load/pgxl2/sar_raw.out 
 1444145239      6177    0.00    0.00    0.00    0.00     0      1.95      0.00  101024   1484   0.01      0.13      0.20      0.00      0.13      0.05  pidstat -h -l -d -r -u -w 60 
 1444145239      6286    0.05    0.28    0.00    0.33     1      0.03      0.03  160448   1768   0.01      0.27      0.13      0.00      0.10      0.00  gtm_proxy -D /tmp/dbt3/pgdata/gtm_proxy.2 -s pgxl -t 6666 -l /tmp/pgxl-explain-example/load/gtm_proxy_2.log 
 1444145239      6306    0.00    0.00    0.00    0.00     2      1.20      0.00  684884  38496   0.24     10.33    122.20      0.07      0.22      0.00  /opt/pgxl/bin/postgres --datanode -D /tmp/dbt3/pgdata/datanode.2.1 -p 15433 -c pooler_port=25433 -c listen_addresses=* -c max_p
 1444145239      6308    0.00    0.00    0.00    0.00     3      0.00      0.00  684884   2528   0.02      0.00      0.00      0.00      0.03      0.00  postgres: pooler process                                                                                                       
 1444145239      6309    0.00    0.00    0.00    0.00     1      0.00      0.00  685672 214880   1.32      0.00      0.00      0.00      0.00      0.00  postgres: checkpointer process                                                                                                 
 1444145239      6310    0.00    0.02    0.00    0.02     2      0.00      0.00  684884   7076   0.04      0.00      0.00      0.00      2.38      0.08  postgres: writer process                                                                                                       
 1444145239      6311    0.00    0.00    0.00    0.00     2      0.00      0.00  684884  19240   0.12      0.00      0.93      0.00      1.63      0.00  postgres: wal writer process                                                                                                   
 1444145239      6312    0.00    0.00    0.00    0.00     3      0.10      0.00  685468   5580   0.03      0.00      0.00      0.00      0.20      0.02  postgres: autovacuum launcher process                                                                                          
 1444145239      6313    0.00    0.00    0.00    0.00     2      0.20      0.00  118948   2920   0.02      0.00      1.40      0.00      2.27      0.02  postgres: stats collector process                                                                                              
 1444145239      6316    0.00    0.00    0.00    0.00     1      0.00      0.00  701232 130536   0.80      0.00      0.00      0.00      0.00      0.00  postgres: mark dbt3 10.0.3.115(38914) idle                                                                                     
 1444145239      6317   40.70    3.48    0.00   44.18     1   1439.45      0.00  916268 332300   2.03   9282.33   5613.20      0.47    157.17    157.80  postgres: mark dbt3 10.0.3.115(38965) CREATE INDEX                                                                             

#      Time       PID    %usr %system  %guest    %CPU   CPU  minflt/s  majflt/s     VSZ    RSS   %MEM   kB_rd/s   kB_wr/s kB_ccwr/s   cswch/s nvcswch/s  Command
 1444145299         1    0.00    0.00    0.00    0.00     1      0.00      0.00   19292    256   0.00     -1.00     -1.00     -1.00      0.00      0.00  /sbin/init 
 1444145299        78    0.00    0.00    0.00    0.00     3      0.00      0.00    4124    244   0.00     -1.00     -1.00     -1.00      0.00      0.00  /sbin/mingetty --nohangup console 
 1444145299       241    0.00    0.00    0.00    0.00     3      0.00      0.00  245104      0   0.00     -1.00     -1.00     -1.00      0.00      0.00  /sbin/rsyslogd -i /var/run/syslogd.pid -c 5 
 1444145299       271    0.00    0.00    0.00    0.00     2      0.00      0.00   66276    268   0.00     -1.00     -1.00     -1.00      0.00      0.00  /usr/sbin/sshd 
 1444145299       290    0.00    0.00    0.00    0.00     2      0.00      0.02   82636    544   0.00     -1.00     -1.00     -1.00      0.22      0.07  sendmail: accepting connections
 1444145299       299    0.00    0.00    0.00    0.00     3      0.00      0.00   78240    400   0.00     -1.00     -1.00     -1.00      0.00      0.00  sendmail: Queue runner@01:00:00 for /var/spool/clientmqueue
 1444145299       309    0.00    0.00    0.00    0.00     1      0.08      0.07   20040    612   0.00     -1.00     -1.00     -1.00      0.10      0.02  crond 
 1444145299       321    0.00    0.00    0.00    0.00     0      0.00      0.00    4124    244   0.00     -1.00     -1.00     -1.00      0.00      0.00  /sbin/mingetty --nohangup /dev/tty1 
 1444145299       323    0.00    0.00    0.00    0.00     0      0.00      0.00    4124    244   0.00     -1.00     -1.00     -1.00      0.00      0.00  /sbin/mingetty --nohangup /dev/tty2 
 1444145299       325    0.00    0.00    0.00    0.00     3      0.00      0.00    4124    244   0.00     -1.00     -1.00     -1.00      0.00      0.00  /sbin/mingetty --nohangup /dev/tty3 
 1444145299       327    0.00    0.00    0.00    0.00     2      0.00      0.00    4124    244   0.00     -1.00     -1.00     -1.00      0.00      0.00  /sbin/mingetty --nohangup /dev/tty4 
 1444145299       572    0.00    0.00    0.00    0.00     1      0.00      0.00   93844    292   0.00     -1.00     -1.00     -1.00      0.00      0.00  sshd: mark [priv] 
 1444145299       574    0.00    0.00    0.00    0.00     0      0.00      0.00   93844    144   0.00     -1.00     -1.00     -1.00      0.00      0.00  sshd: mark@pts/4  
 1444145299       575    0.00    0.00    0.00    0.00     1      0.00      0.00  108368    284   0.00      0.00      0.00      0.00      0.00      0.00  -bash 
 1444145299      6145    0.00    0.00    0.00    0.00     3      0.00      0.00   91772    532   0.00     -1.00     -1.00     -1.00      0.00      0.00  sshd: mark [priv] 
 1444145299      6146    0.00    0.00    0.00    0.00     0      0.00      0.00   91772    512   0.00     -1.00     -1.00     -1.00      0.00      0.00  sshd: mark [priv] 
 1444145299      6149    0.00    0.00    0.00    0.00     3      0.00      0.00   91772    376   0.00     -1.00     -1.00     -1.00      0.00      0.00  sshd: mark@notty  
 1444145299      6150    0.00    0.00    0.00    0.00     0      0.00      0.00   91772    372   0.00     -1.00     -1.00     -1.00      0.00      0.00  sshd: mark@notty  
 1444145299      6151    0.00    0.00    0.00    0.00     1      0.00      0.00  108232    360   0.00      0.00      0.00      0.00      0.00      0.00  -bash 
 1444145299      6152    0.00    0.00    0.00    0.00     2      0.00      0.00  108232    356   0.00      0.00      0.00      0.00      0.00      0.00  -bash 
 1444145299      6174    0.00    0.00    0.00    0.00     0      0.10      0.00  101036    368   0.00      0.07      0.07      0.00      0.03      0.00  sar -o /tmp/pgxl-explain-example/load/pgxl2/sar_raw.out 60 
 1444145299      6176    0.05    0.00    0.00    0.05     2      0.58      0.03  101032    852   0.01      4.00      0.40      0.00      0.47      0.25  sadc 60 -z -S ALL /tmp/pgxl-explain-example/load/pgxl2/sar_raw.out 
 1444145299      6177    0.00    0.00    0.00    0.00     0      2.07      0.00  101024    876   0.01      0.20      0.13      0.00      0.18      0.08  pidstat -h -l -d -r -u -w 60 
 1444145299      6286    0.05    0.23    0.00    0.28     1      0.00      0.05  160448    688   0.00      0.27      0.13      0.00      0.08      0.00  gtm_proxy -D /tmp/dbt3/pgdata/gtm_proxy.2 -s pgxl -t 6666 -l /tmp/pgxl-explain-example/load/gtm_proxy_2.log 
 1444145299      6306    0.00    0.00    0.00    0.00     0      1.22      0.00  684884  30688   0.19     34.53    585.93      0.07      0.18      0.03  /opt/pgxl/bin/postgres --datanode -D /tmp/dbt3/pgdata/datanode.2.1 -p 15433 -c pooler_port=25433 -c listen_addresses=* -c max_p
 1444145299      6308    0.00    0.00    0.00    0.00     3      0.00      0.00  684884   1532   0.01      0.00      0.00      0.00      0.03      0.00  postgres: pooler process                                                                                                       
 1444145299      6309    0.00    0.00    0.00    0.00     1      0.00      0.00  685672 186708   1.14      0.00      0.00      0.00      0.00      0.00  postgres: checkpointer process                                                                                                 
 1444145299      6310    0.00    0.02    0.00    0.02     0      0.00      0.00  684884   6172   0.04      0.00      0.00      0.00      2.75      0.10  postgres: writer process                                                                                                       
 1444145299      6311    0.00    0.00    0.00    0.00     1      0.00      0.00  684884  18212   0.11      0.00      0.00      0.00      0.22      0.00  postgres: wal writer process                                                                                                   
 1444145299      6312    0.00    0.00    0.00    0.00     2      0.12      0.00  685468   4468   0.03      0.07      0.00      0.00      0.22      0.02  postgres: autovacuum launcher process                                                                                          
 1444145299      6313    0.00    0.00    0.00    0.00     3      0.20      0.00  118948   2132   0.01      0.00      1.40      0.00      2.40      0.00  postgres: stats collector process                                                                                              
 1444145299      6316    0.00    0.00    0.00    0.00     1      0.00      0.00  701232 103016   0.63      0.00      0.00      0.00      0.00      0.00  postgres: mark dbt3 10.0.3.115(38914) idle                                                                                     
 1444145299      6317   16.27    2.65    0.00   18.92     2    930.22      0.03  736040 204420   1.25  17034.20   2874.80      0.07     28.43     64.00  postgres: mark dbt3 10.0.3.115(38965) idle                                                                                     

#      Time       PID    %usr %system  %guest    %CPU   CPU  minflt/s  majflt/s     VSZ    RSS   %MEM   kB_rd/s   kB_wr/s kB_ccwr/s   cswch/s nvcswch/s  Command
 1444145359       271    0.00    0.00    0.00    0.00     2      0.00      0.00   66276    264   0.00     -1.00     -1.00     -1.00      0.00      0.00  /usr/sbin/sshd 
 1444145359       290    0.00    0.00    0.00    0.00     0      0.00      0.00   82636    492   0.00     -1.00     -1.00     -1.00      0.20      0.05  sendmail: accepting connections
 1444145359       299    0.00    0.00    0.00    0.00     3      0.00      0.00   78240    396   0.00     -1.00     -1.00     -1.00      0.00      0.00  sendmail: Queue runner@01:00:00 for /var/spool/clientmqueue
 1444145359       309    0.00    0.00    0.00    0.00     1      0.05      0.00   20040    612   0.00     -1.00     -1.00     -1.00      0.02      0.00  crond 
 1444145359       574    0.00    0.00    0.00    0.00     0      0.23      0.02   93844    144   0.00     -1.00     -1.00     -1.00      0.03      0.02  sshd: mark@pts/4  
 1444145359      6145    0.00    0.00    0.00    0.00     3      0.00      0.00   91772    516   0.00     -1.00     -1.00     -1.00      0.00      0.00  sshd: mark [priv] 
 1444145359      6146    0.00    0.00    0.00    0.00     0      0.00      0.00   91772    500   0.00     -1.00     -1.00     -1.00      0.00      0.00  sshd: mark [priv] 
 1444145359      6149    0.00    0.00    0.00    0.00     3      0.13      0.13   91772    372   0.00     -1.00     -1.00     -1.00      0.17      0.02  sshd: mark@notty  
 1444145359      6150    0.00    0.00    0.00    0.00     0      0.17      0.08   91772    364   0.00     -1.00     -1.00     -1.00      0.12      0.03  sshd: mark@notty  
 1444145359      6151    0.00    0.00    0.00    0.00     1      0.00      0.00  108232    356   0.00      0.00      0.00      0.00      0.00      0.00  -bash 
 1444145359      6174    0.00    0.00    0.00    0.00     0      0.00      0.00  101036    336   0.00      0.00      0.07      0.00      0.03      0.00  sar -o /tmp/pgxl-explain-example/load/pgxl2/sar_raw.out 60 
 1444145359      6176    0.00    0.00    0.00    0.00     2      0.50      0.00  101032    824   0.01      0.47      0.40      0.00      0.50      0.00  sadc 60 -z -S ALL /tmp/pgxl-explain-example/load/pgxl2/sar_raw.out 
 1444145359      6177    0.02    0.00    0.00    0.02     3      1.98      0.00  101024    888   0.01      0.20      0.20      0.00      0.17      0.02  pidstat -h -l -d -r -u -w 60 
 1444145359      6286    0.03    0.28    0.00    0.32     1      0.00      0.00  160448    660   0.00      0.07      0.13      0.00      0.10      0.00  gtm_proxy -D /tmp/dbt3/pgdata/gtm_proxy.2 -s pgxl -t 6666 -l /tmp/pgxl-explain-example/load/gtm_proxy_2.log 
 1444145359      6306    0.00    0.00    0.00    0.00     1      1.20      0.00  684884  30536   0.19     15.33      0.00      0.00      0.23      0.02  /opt/pgxl/bin/postgres --datanode -D /tmp/dbt3/pgdata/datanode.2.1 -p 15433 -c pooler_port=25433 -c listen_addresses=* -c max_p
 1444145359      6308    0.00    0.00    0.00    0.00     3      0.00      0.00  684884   1532   0.01      0.00      0.00      0.00      0.03      0.00  postgres: pooler process                                                                                                       
 1444145359      6309    0.00    0.00    0.00    0.00     1      0.00      0.00  685672 163816   1.00      0.00      0.00      0.00      0.00      0.00  postgres: checkpointer process                                                                                                 
 1444145359      6310    0.00    0.00    0.00    0.00     0      0.00      0.00  684884   6172   0.04      0.00      0.00      0.00      0.43      0.02  postgres: writer process                                                                                                       
 1444145359      6311    0.00    0.00    0.00    0.00     1      0.00      0.00  684884  18212   0.11      0.00      0.00      0.00      0.22      0.00  postgres: wal writer process                                                                                                   
 1444145359      6312    0.00    0.00    0.00    0.00     3      0.10      0.00  685468   4392   0.03      0.00      0.00      0.00      0.20      0.00  postgres: autovacuum launcher process                                                                                          
 1444145359      6313    0.00    0.00    0.00    0.00     1      0.20      0.00  118948   2096   0.01      0.00      1.40      0.00      0.80      0.02  postgres: stats collector process                                                                                              
 1444145359      6316    0.00    0.00    0.00    0.00     1      0.00      0.00  701232  85740   0.52      0.00      0.00      0.00      0.00      0.00  postgres: mark dbt3 10.0.3.115(38914) idle                                                                                     
 1444145359      6317    0.00    0.00    0.00    0.00     2      0.00      0.00  736040 188500   1.15      0.00      0.00      0.00      0.00      0.00  postgres: mark dbt3 10.0.3.115(38965) idle                                                                                     

#      Time       PID    %usr %system  %guest    %CPU   CPU  minflt/s  majflt/s     VSZ    RSS   %MEM   kB_rd/s   kB_wr/s kB_ccwr/s   cswch/s nvcswch/s  Command
 1444145419       241    0.00    0.00    0.00    0.00     3      0.10      0.06  245104      0   0.00     -1.00     -1.00     -1.00      0.00      0.00  /sbin/rsyslogd -i /var/run/syslogd.pid -c 5 
 1444145419       290    0.00    0.00    0.00    0.00     2      0.00      0.00   82636    492   0.00     -1.00     -1.00     -1.00      0.19      0.02  sendmail: accepting connections
 1444145419       309    0.00    0.00    0.00    0.00     1      0.16      0.00   20040    612   0.00     -1.00     -1.00     -1.00      0.03      0.00  crond 
 1444145419      6176    0.00    0.00    0.00    0.00     1      0.03      0.00  101036    824   0.01      0.13      0.00      0.00      0.26      0.02  sadc 60 -z -S ALL /tmp/pgxl-explain-example/load/pgxl2/sar_raw.out 
 1444145419      6177    0.00    0.00    0.00    0.00     0      1.89      0.00  101024    888   0.01      0.06      0.19      0.00      0.15      0.00  pidstat -h -l -d -r -u -w 60 
 1444145419      6286    0.06    0.24    0.00    0.31     1      0.00      0.23  160432   1000   0.01      0.90      0.06      0.00      0.23      0.00  gtm_proxy -D /tmp/dbt3/pgdata/gtm_proxy.2 -s pgxl -t 6666 -l /tmp/pgxl-explain-example/load/gtm_proxy_2.log 
 1444145419      6306    0.00    0.00    0.00    0.00     0      1.16      0.00  684884  30536   0.19    321.81  29720.39      0.65      0.26      0.05  /opt/pgxl/bin/postgres --datanode -D /tmp/dbt3/pgdata/datanode.2.1 -p 15433 -c pooler_port=25433 -c listen_addresses=* -c max_p
 1444145419      6308    0.00    0.00    0.00    0.00     3      0.00      0.00  684884   1532   0.01      0.00      0.00      0.00      0.03      0.02  postgres: pooler process                                                                                                       
 1444145419      6309    0.00    0.00    0.00    0.00     1      0.00      0.00  685672 163348   1.00      0.00      0.00      0.00      0.00      0.00  postgres: checkpointer process                                                                                                 
 1444145419      6310    0.00    0.00    0.00    0.00     0      0.00      0.00  684884   6172   0.04      0.00      0.00      0.00      0.60      0.03  postgres: writer process                                                                                                       
 1444145419      6311    0.00    0.00    0.00    0.00     0      0.00      0.00  684884  18212   0.11      0.00      0.13      0.00      1.02      0.02  postgres: wal writer process                                                                                                   
 1444145419      6312    0.00    0.02    0.00    0.02     3      0.10      0.00  685468   4392   0.03      0.00      0.00      0.00      0.18      0.00  postgres: autovacuum launcher process                                                                                          
 1444145419      6313    0.00    0.02    0.00    0.02     1      0.19      0.00  118948   2096   0.01      0.00      1.35      0.00      0.95      0.00  postgres: stats collector process                                                                                              
 1444145419      6316    0.00    0.00    0.00    0.00     1      0.00      0.00  701232  85548   0.52      0.00      0.00      0.00      0.00      0.00  postgres: mark dbt3 10.0.3.115(38914) idle                                                                                     
 1444145419      6317    0.00    0.00    0.00    0.00     2      0.00      0.00  736040 188308   1.15      0.00      0.00      0.00      0.00      0.00  postgres: mark dbt3 10.0.3.115(38965) idle                                                                                     
